= [(31, 30); (31, 9); (31, 29); 
       (47, 48); (47, 36); (47, 50); 
       (47, 46); (47, 49); (47, 37); 
       (15, 16); (15, 14); (15, 13); 
       (55, 56); (55, 34); (55, 58); 
       (55, 54); (55, 57); (55, 35); 
       (23, 24); (23, 22); (23, 21); 
       (39, 40); (39, 38); (39, 33); 
       (39, 9); (39, 61); (39, 59); (7, 16); 
       (7, 2); (7, 6); (7, 1); (7, 17); 
       (7, 13); (59, 60); (59, 34); (59, 58); 
       (59, 33); (59, 61); (59, 39); 
       (27, 28); (27, 26); (27, 25); 
       (43, 32); (43, 44); (43, 42); 
       (43, 46); (43, 37); (43, 45); 
       (11, 8); (11, 12); (11, 10); (51, 36); 
       (51, 52); (51, 50); (51, 54); 
       (51, 53); (51, 35); (19, 20); 
       (19, 18); (19, 17); (35, 36); 
       (35, 34); (35, 54); (35, 1); (35, 51); 
       (35, 55); (3, 8); (3, 4); (3, 2); 
       (3, 1); (3, 9); (3, 29); (61, 60); 
       (61, 59); (61, 39); (29, 4); (29, 28); 
       (29, 30); (29, 9); (29, 3); (29, 31); 
       (45, 44); (45, 46); (45, 43); 
       (13, 16); (13, 12); (13, 2); (13, 14); 
       (13, 7); (13, 15); (53, 52); (53, 54); 
       (53, 51); (21, 24); (21, 20); 
       (21, 6); (21, 22); (21, 5); (21, 23); 
       (37, 32); (37, 36); (37, 46); 
       (37, 1); (37, 43); (37, 47); (5, 24); 
       (5, 4); (5, 6); (5, 1); (5, 25); 
       (5, 21); (57, 56); (57, 58); (57, 55); 
       (25, 24); (25, 4); (25, 28); (25, 26); 
       (25, 5); (25, 27); (41, 40); (41, 42); 
       (41, 38); (9, 8); (9, 10); (9, 29); 
       (9, 3); (9, 39); (9, 31); (49, 48); 
       (49, 50); (49, 47); (17, 16); 
       (17, 20); (17, 18); (17, 6); (17, 19); 
       (17, 7); (33, 32); (33, 34); (33, 38); 
       (33, 1); (33, 59); (33, 39); (1, 32); 
       (1, 4); (1, 36); (1, 2); (1, 34); 
       (1, 6); (1, 33); (1, 5); (1, 37); 
       (1, 3); (1, 35); (1, 7); (30, 28); 
       (30, 29); (30, 31); (46, 16); 
       (46, 48); (46, 37); (46, 45); 
       (46, 43); (46, 47); (14, 12); 
       (14, 13); (14, 15); (54, 24); 
       (54, 56); (54, 53); (54, 35); 
       (54, 51); (54, 55); (22, 20); 
       (22, 21); (22, 23); (38, 32); 
       (38, 40); (38, 42); (38, 33); 
       (38, 41); (38, 39); (6, 20); (6, 1); 
       (6, 17); (6, 5); (6, 21); (6, 7); 
       (58, 28); (58, 60); (58, 34); 
       (58, 57); (58, 59); (58, 55); 
       (26, 24); (26, 25); (26, 27); 
       (42, 32); (42, 12); (42, 44); 
       (42, 38); (42, 41); (42, 43); 
       (10, 8); (10, 9); (10, 11); (50, 36); 
       (50, 20); (50, 52); (50, 49); 
       (50, 51); (50, 47); (18, 16); 
       (18, 17); (18, 19); (34, 58); 
       (34, 1); (34, 33); (34, 35); (34, 59); 
       (34, 55); (2, 8); (2, 12); (2, 1); 
       (2, 13); (2, 3); (2, 7); (60, 58); 
       (60, 61); (60, 59); (28, 4); (28, 58); 
       (28, 30); (28, 25); (28, 29); 
       (28, 27); (44, 42); (44, 45); 
       (44, 43); (12, 8); (12, 2); (12, 42); 
       (12, 14); (12, 13); (12, 11); 
       (52, 50); (52, 53); (52, 51); 
       (20, 50); (20, 6); (20, 22); (20, 17); 
       (20, 21); (20, 19); (36, 50); 
       (36, 1); (36, 37); (36, 35); (36, 51); 
       (36, 47); (4, 28); (4, 1); (4, 25); 
       (4, 5); (4, 29); (4, 3); (56, 54); 
       (56, 57); (56, 55); (24, 26); 
       (24, 54); (24, 25); (24, 5); (24, 21); 
       (24, 23); (40, 38); (40, 41); 
       (40, 39); (8, 12); (8, 2); (8, 10); 
       (8, 9); (8, 3); (8, 11); (48, 46); 
       (48, 49); (48, 47); (16, 18); 
       (16, 46); (16, 17); (16, 13); 
       (16, 7); (16, 15); (32, 42); (32, 38); 
       (32, 1); (32, 33); (32, 37); (32, 43)]
     : list (node * node)
