
     = [(63, 64); (63, 72); (63, 68); 
       (63, 62); (63, 73); (63, 69); 
       (95, 96); (95, 114); (95, 94); 
       (95, 62); (95, 115); (95, 111); 
       (31, 30); (31, 9); (31, 29); (111, 96);
       (111, 112); (111, 114); (111, 110); 
       (111, 113); (111, 95); (47, 48); 
       (47, 36); (47, 50); (47, 46); 
       (47, 49); (47, 37); (79, 80); 
       (79, 78); (79, 77); (15, 16); 
       (15, 14); (15, 13); (119, 120); 
       (119, 118); (119, 94); (119, 121); 
       (119, 93); (119, 99); (55, 56); 
       (55, 34); (55, 58); (55, 54); 
       (55, 57); (55, 35); (87, 88); 
       (87, 86); (87, 85); (23, 24); 
       (23, 22); (23, 21); (103, 104); 
       (103, 92); (103, 106); (103, 102); 
       (103, 97); (103, 105); (39, 40); 
       (39, 38); (39, 33); (39, 9); (39, 61); 
       (39, 59); (71, 72); (71, 70); 
       (71, 69); (7, 16); (7, 2); (7, 6); 
       (7, 1); (7, 17); (7, 13); (59, 60); 
       (59, 34); (59, 58); (59, 33); 
       (59, 61); (59, 39); (91, 90); 
       (91, 9); (91, 89); (27, 28); (27, 26); 
       (27, 25); (107, 96); (107, 108); 
       (107, 106); (107, 110); (107, 97); 
       (107, 109); (43, 32); (43, 44); 
       (43, 42); (43, 46); (43, 37); 
       (43, 45); (75, 76); (75, 74); 
       (75, 73); (11, 8); (11, 12); (11, 10);
       (115, 116); (115, 114); (115, 118); 
       (115, 94); (115, 117); (115, 95); 
       (51, 36); (51, 52); (51, 50); 
       (51, 54); (51, 53); (51, 35); 
       (83, 84); (83, 82); (83, 81); 
       (19, 20); (19, 18); (19, 17); 
       (99, 100); (99, 98); (99, 9); 
       (99, 121); (99, 93); (99, 119); 
       (35, 36); (35, 34); (35, 54); 
       (35, 1); (35, 51); (35, 55); (67, 80); 
       (67, 68); (67, 66); (67, 62); 
       (67, 81); (67, 77); (3, 8); (3, 4); 
       (3, 2); (3, 1); (3, 9); (3, 29); 
       (61, 60); (61, 59); (61, 39); 
       (93, 92); (93, 98); (93, 94); 
       (93, 62); (93, 99); (93, 119); 
       (29, 4); (29, 28); (29, 30); (29, 9); 
       (29, 3); (29, 31); (109, 108); 
       (109, 110); (109, 107); (45, 44); 
       (45, 46); (45, 43); (77, 80); 
       (77, 68); (77, 76); (77, 78); 
       (77, 67); (77, 79); (13, 16); 
       (13, 12); (13, 2); (13, 14); (13, 7); 
       (13, 15); (117, 116); (117, 118); 
       (117, 115); (53, 52); (53, 54); 
       (53, 51); (85, 88); (85, 84); 
       (85, 66); (85, 86); (85, 65); 
       (85, 87); (21, 24); (21, 20); 
       (21, 6); (21, 22); (21, 5); (21, 23); 
       (101, 100); (101, 98); (101, 102); 
       (37, 32); (37, 36); (37, 46); 
       (37, 1); (37, 43); (37, 47); (69, 64); 
       (69, 72); (69, 70); (69, 9); (69, 71); 
       (69, 63); (5, 24); (5, 4); (5, 6); 
       (5, 1); (5, 25); (5, 21); (121, 120); 
       (121, 99); (121, 119); (57, 56); 
       (57, 58); (57, 55); (89, 64); 
       (89, 88); (89, 90); (89, 65); 
       (89, 9); (89, 91); (25, 24); (25, 4); 
       (25, 28); (25, 26); (25, 5); (25, 27);
       (105, 104); (105, 106); (105, 103); 
       (41, 40); (41, 42); (41, 38); 
       (73, 72); (73, 68); (73, 76); 
       (73, 74); (73, 75); (73, 63); 
       (9, 64); (9, 8); (9, 10); (9, 70); 
       (9, 89); (9, 69); (9, 29); (9, 3); 
       (9, 99); (9, 91); (9, 39); (9, 31); 
       (113, 112); (113, 114); (113, 111); 
       (49, 48); (49, 50); (49, 47); 
       (81, 80); (81, 84); (81, 66); 
       (81, 82); (81, 67); (81, 83); 
       (17, 16); (17, 20); (17, 18); 
       (17, 6); (17, 19); (17, 7); (97, 96); 
       (97, 92); (97, 106); (97, 62); 
       (97, 107); (97, 103); (33, 32); 
       (33, 34); (33, 38); (33, 1); (33, 59); 
       (33, 39); (65, 64); (65, 88); 
       (65, 66); (65, 62); (65, 89); 
       (65, 85); (1, 32); (1, 4); (1, 36); 
       (1, 2); (1, 34); (1, 6); (1, 33); 
       (1, 5); (1, 37); (1, 3); (1, 35); 
       (1, 7); (62, 64); (62, 96); (62, 68); 
       (62, 92); (62, 66); (62, 94); 
       (62, 65); (62, 97); (62, 93); 
       (62, 67); (62, 95); (62, 63); 
       (94, 118); (94, 62); (94, 93); 
       (94, 115); (94, 119); (94, 95); 
       (30, 28); (30, 29); (30, 31); 
       (110, 96); (110, 80); (110, 112); 
       (110, 109); (110, 107); (110, 111); 
       (46, 16); (46, 48); (46, 37); 
       (46, 45); (46, 43); (46, 47); 
       (78, 76); (78, 77); (78, 79); 
       (14, 12); (14, 13); (14, 15); 
       (118, 88); (118, 120); (118, 94); 
       (118, 117); (118, 115); (118, 119); 
       (54, 24); (54, 56); (54, 53); 
       (54, 35); (54, 51); (54, 55); 
       (86, 84); (86, 85); (86, 87); 
       (22, 20); (22, 21); (22, 23); 
       (102, 72); (102, 104); (102, 92); 
       (102, 98); (102, 101); (102, 103); 
       (38, 32); (38, 40); (38, 42); 
       (38, 33); (38, 41); (38, 39); 
       (70, 9); (70, 69); (70, 71); (6, 20); 
       (6, 1); (6, 17); (6, 5); (6, 21); 
       (6, 7); (58, 28); (58, 60); (58, 34); 
       (58, 57); (58, 59); (58, 55); 
       (90, 88); (90, 89); (90, 91); 
       (26, 24); (26, 25); (26, 27); 
       (106, 76); (106, 108); (106, 97); 
       (106, 105); (106, 107); (106, 103); 
       (42, 32); (42, 12); (42, 44); 
       (42, 38); (42, 41); (42, 43); 
       (74, 72); (74, 73); (74, 75); 
       (10, 8); (10, 9); (10, 11); (114, 84);
       (114, 116); (114, 113); (114, 115); 
       (114, 111); (114, 95); (50, 36); 
       (50, 20); (50, 52); (50, 49); 
       (50, 51); (50, 47); (82, 80); 
       (82, 81); (82, 83); (18, 16); 
       (18, 17); (18, 19); (98, 100); 
       (98, 92); (98, 102); (98, 101); 
       (98, 93); (98, 99); (34, 58); 
       (34, 1); (34, 33); (34, 35); (34, 59); 
       (34, 55); (66, 84); (66, 62); 
       (66, 65); (66, 81); (66, 85); 
       (66, 67); (2, 8); (2, 12); (2, 1); 
       (2, 13); (2, 3); (2, 7); (60, 58); 
       (60, 61); (60, 59); (92, 98); 
       (92, 102); (92, 62); (92, 97); 
       (92, 93); (92, 103); (28, 4); 
       (28, 58); (28, 30); (28, 25); 
       (28, 29); (28, 27); (108, 106); 
       (108, 109); (108, 107); (44, 42); 
       (44, 45); (44, 43); (76, 68); 
       (76, 106); (76, 78); (76, 73); 
       (76, 77); (76, 75); (12, 8); (12, 2); 
       (12, 42); (12, 14); (12, 13); 
       (12, 11); (116, 114); (116, 117); 
       (116, 115); (52, 50); (52, 53); 
       (52, 51); (84, 66); (84, 114); 
       (84, 86); (84, 81); (84, 85); 
       (84, 83); (20, 80); (20, 50); 
       (20, 6); (20, 22); (20, 17); (20, 21); 
       (20, 19); (100, 98); (100, 101); 
       (100, 99); (36, 50); (36, 1); 
       (36, 37); (36, 35); (36, 51); 
       (36, 47); (68, 76); (68, 62); 
       (68, 73); (68, 77); (68, 67); 
       (68, 63); (4, 28); (4, 1); (4, 25); 
       (4, 5); (4, 29); (4, 3); (120, 118); 
       (120, 121); (120, 119); (56, 54); 
       (56, 57); (56, 55); (88, 90); 
       (88, 118); (88, 65); (88, 89); 
       (88, 85); (88, 87); (24, 26); 
       (24, 54); (24, 25); (24, 5); (24, 21); 
       (24, 23); (104, 102); (104, 105); 
       (104, 103); (40, 38); (40, 41); 
       (40, 39); (72, 74); (72, 102); 
       (72, 73); (72, 69); (72, 71); 
       (72, 63); (8, 12); (8, 2); (8, 10); 
       (8, 9); (8, 3); (8, 11); (112, 110); 
       (112, 113); (112, 111); (48, 46); 
       (48, 49); (48, 47); (80, 20); 
       (80, 82); (80, 110); (80, 81); 
       (80, 77); (80, 67); (80, 79); 
       (16, 18); (16, 46); (16, 17); 
       (16, 13); (16, 7); (16, 15); (96, 110); 
       (96, 62); (96, 97); (96, 107); 
       (96, 111); (96, 95); (32, 42); 
       (32, 38); (32, 1); (32, 33); (32, 37); 
       (32, 43); (64, 62); (64, 65); 
       (64, 9); (64, 89); (64, 69); (64, 63)]
     : list (node * node)
