(1,2)
(1,3)
(1,4)
(1,5)
(1,6)
(1,7)
(1,286)
(1,287)
(1,304)
(1,307)
(1,321)
(1,326)
(1,353)
(1,358)
(1,578)
(1,587)
(1,641)
(1,650)
(1,696)
(1,705)
(1,759)
(1,768)
(1,988)
(1,993)
(1,1020)
(1,1025)
(1,1039)
(1,1042)
(1,1059)
(1,1060)
(2,3)
(2,7)
(2,690)
(2,691)
(2,712)
(2,715)
(2,734)
(2,741)
(2,776)
(2,783)
(2,999)
(2,1008)
(2,1047)
(2,1054)
(2,1088)
(2,1097)
(2,1147)
(2,1154)
(2,1209)
(2,1212)
(2,1258)
(2,1261)
(2,1275)
(2,1276)
(2,1281)
(2,1282)
(2,1290)
(2,1291)
(2,1296)
(3,4)
(3,482)
(3,483)
(3,512)
(3,515)
(3,542)
(3,549)
(3,583)
(3,588)
(3,680)
(3,779)
(3,787)
(3,853)
(3,860)
(3,915)
(3,924)
(3,990)
(3,996)
(3,1080)
(3,1151)
(3,1155)
(3,1179)
(3,1181)
(3,1189)
(3,1190)
(3,1204)
(3,1205)
(3,1212)
(4,5)
(4,137)
(4,146)
(4,147)
(4,160)
(4,161)
(4,168)
(4,170)
(4,196)
(4,200)
(4,280)
(4,355)
(4,361)
(4,430)
(4,439)
(4,492)
(4,499)
(4,566)
(4,574)
(4,680)
(4,764)
(4,769)
(4,807)
(4,814)
(4,839)
(4,842)
(4,868)
(4,869)
(5,6)
(5,50)
(5,55)
(5,56)
(5,64)
(5,65)
(5,70)
(5,71)
(5,85)
(5,88)
(5,134)
(5,137)
(5,192)
(5,199)
(5,249)
(5,258)
(5,292)
(5,299)
(5,338)
(5,347)
(5,563)
(5,570)
(5,605)
(5,612)
(5,631)
(5,634)
(5,655)
(5,656)
(6,7)
(6,134)
(6,141)
(6,142)
(6,156)
(6,157)
(6,165)
(6,167)
(6,191)
(6,195)
(6,266)
(6,350)
(6,356)
(6,422)
(6,431)
(6,486)
(6,493)
(6,559)
(6,567)
(6,666)
(6,758)
(6,763)
(6,797)
(6,804)
(6,831)
(6,834)
(6,863)
(6,864)
(7,477)
(7,478)
(7,504)
(7,507)
(7,532)
(7,539)
(7,577)
(7,582)
(7,666)
(7,772)
(7,780)
(7,847)
(7,854)
(7,907)
(7,916)
(7,985)
(7,991)
(7,1066)
(7,1146)
(7,1150)
(7,1176)
(7,1178)
(7,1185)
(7,1186)
(7,1199)
(7,1200)
(7,1209)
(8,11)
(8,39)
(8,43)
(8,71)
(8,85)
(8,104)
(8,114)
(8,120)
(9,10)
(9,40)
(9,44)
(9,70)
(9,88)
(9,102)
(9,115)
(9,121)
(10,49)
(10,50)
(10,76)
(10,100)
(10,102)
(10,114)
(10,134)
(10,1073)
(11,50)
(11,51)
(11,81)
(11,104)
(11,106)
(11,115)
(11,137)
(11,673)
(12,16)
(12,52)
(12,56)
(12,83)
(12,87)
(12,120)
(12,134)
(12,135)
(12,142)
(12,468)
(13,19)
(13,24)
(13,53)
(13,58)
(13,85)
(13,88)
(13,119)
(13,122)
(13,135)
(13,136)
(13,144)
(14,15)
(14,55)
(14,59)
(14,86)
(14,90)
(14,121)
(14,136)
(14,137)
(14,146)
(14,887)
(15,62)
(15,65)
(15,121)
(15,134)
(15,151)
(15,157)
(16,64)
(16,67)
(16,120)
(16,137)
(16,152)
(16,160)
(17,69)
(17,71)
(17,134)
(17,152)
(17,167)
(18,70)
(18,72)
(18,137)
(18,151)
(18,168)
(19,50)
(19,82)
(19,86)
(19,133)
(19,135)
(19,157)
(19,165)
(19,181)
(19,192)
(19,673)
(20,49)
(20,87)
(20,156)
(20,167)
(20,193)
(20,1073)
(21,84)
(21,88)
(21,134)
(21,184)
(21,195)
(22,85)
(22,89)
(22,137)
(22,183)
(22,196)
(23,51)
(23,86)
(23,161)
(23,168)
(23,198)
(23,673)
(24,50)
(24,87)
(24,91)
(24,136)
(24,138)
(24,160)
(24,170)
(24,186)
(24,199)
(24,1073)
(25,55)
(25,92)
(25,94)
(25,142)
(25,191)
(25,192)
(25,202)
(25,887)
(26,56)
(26,93)
(26,96)
(26,144)
(26,192)
(26,194)
(26,203)
(27,36)
(27,52)
(27,97)
(27,141)
(27,174)
(27,193)
(27,195)
(27,204)
(27,468)
(28,35)
(28,59)
(28,94)
(28,147)
(28,175)
(28,196)
(28,198)
(28,205)
(28,887)
(29,55)
(29,95)
(29,98)
(29,144)
(29,197)
(29,199)
(29,206)
(30,56)
(30,97)
(30,99)
(30,146)
(30,199)
(30,200)
(30,207)
(30,468)
(31,103)
(31,165)
(31,167)
(31,180)
(31,182)
(31,212)
(31,273)
(32,103)
(32,168)
(32,170)
(32,185)
(32,187)
(32,221)
(32,273)
(33,109)
(33,157)
(33,173)
(33,191)
(33,209)
(33,226)
(33,459)
(34,110)
(34,156)
(34,172)
(34,195)
(34,214)
(34,228)
(34,878)
(35,65)
(35,107)
(35,111)
(35,159)
(35,175)
(35,192)
(35,215)
(35,229)
(36,64)
(36,108)
(36,112)
(36,158)
(36,174)
(36,199)
(36,218)
(36,233)
(37,109)
(37,161)
(37,177)
(37,196)
(37,219)
(37,234)
(37,459)
(38,110)
(38,160)
(38,176)
(38,200)
(38,224)
(38,236)
(38,878)
(39,50)
(39,117)
(39,120)
(39,167)
(39,191)
(39,213)
(39,238)
(39,249)
(40,49)
(40,121)
(40,165)
(40,195)
(40,210)
(40,241)
(40,250)
(41,71)
(41,118)
(41,122)
(41,192)
(41,212)
(41,217)
(41,242)
(41,251)
(42,70)
(42,119)
(42,123)
(42,199)
(42,216)
(42,221)
(42,243)
(42,256)
(43,51)
(43,120)
(43,170)
(43,196)
(43,223)
(43,244)
(43,257)
(44,50)
(44,121)
(44,124)
(44,168)
(44,200)
(44,220)
(44,247)
(44,258)
(45,55)
(45,74)
(45,125)
(45,127)
(45,227)
(45,249)
(45,261)
(46,56)
(46,126)
(46,129)
(46,174)
(46,202)
(46,230)
(46,249)
(46,251)
(46,262)
(47,55)
(47,128)
(47,131)
(47,175)
(47,207)
(47,232)
(47,256)
(47,258)
(47,263)
(48,56)
(48,75)
(48,130)
(48,132)
(48,235)
(48,258)
(48,264)
(49,134)
(49,178)
(49,208)
(49,210)
(49,238)
(49,266)
(50,60)
(50,61)
(50,77)
(50,80)
(50,134)
(50,137)
(50,181)
(50,186)
(50,213)
(50,220)
(50,241)
(50,244)
(50,259)
(50,260)
(51,137)
(51,189)
(51,223)
(51,225)
(51,247)
(51,280)
(52,64)
(52,139)
(52,142)
(52,190)
(52,193)
(52,249)
(52,266)
(52,268)
(52,283)
(53,82)
(53,87)
(53,144)
(53,191)
(53,195)
(53,251)
(53,268)
(53,272)
(53,284)
(54,65)
(54,140)
(54,145)
(54,226)
(54,231)
(54,249)
(54,253)
(54,285)
(55,62)
(55,66)
(55,83)
(55,88)
(55,141)
(55,146)
(55,192)
(55,197)
(55,227)
(55,232)
(55,250)
(55,255)
(55,272)
(55,286)
(55,468)
(56,63)
(56,67)
(56,85)
(56,90)
(56,142)
(56,147)
(56,194)
(56,199)
(56,230)
(56,235)
(56,252)
(56,257)
(56,274)
(56,287)
(56,887)
(57,64)
(57,143)
(57,148)
(57,231)
(57,236)
(57,254)
(57,258)
(57,288)
(58,86)
(58,91)
(58,144)
(58,196)
(58,200)
(58,256)
(58,274)
(58,278)
(58,289)
(59,65)
(59,146)
(59,149)
(59,198)
(59,201)
(59,258)
(59,278)
(59,280)
(59,290)
(60,150)
(60,151)
(60,241)
(60,292)
(61,152)
(61,153)
(61,244)
(61,299)
(62,102)
(62,154)
(62,157)
(62,250)
(62,266)
(62,292)
(62,301)
(63,155)
(63,159)
(63,209)
(63,216)
(63,252)
(63,268)
(63,292)
(63,303)
(64,68)
(64,71)
(64,100)
(64,105)
(64,156)
(64,160)
(64,211)
(64,218)
(64,249)
(64,254)
(64,270)
(64,293)
(64,294)
(64,304)
(64,878)
(64,1073)
(65,70)
(65,73)
(65,101)
(65,106)
(65,157)
(65,161)
(65,215)
(65,222)
(65,253)
(65,258)
(65,276)
(65,297)
(65,298)
(65,307)
(65,459)
(65,673)
(66,158)
(66,162)
(66,217)
(66,224)
(66,255)
(66,278)
(66,299)
(66,308)
(67,104)
(67,160)
(67,163)
(67,257)
(67,280)
(67,299)
(67,310)
(68,78)
(68,164)
(68,166)
(68,270)
(68,292)
(68,318)
(69,167)
(69,266)
(69,293)
(69,319)
(70,76)
(70,79)
(70,113)
(70,115)
(70,165)
(70,168)
(70,239)
(70,243)
(70,269)
(70,273)
(70,292)
(70,295)
(70,312)
(70,313)
(70,321)
(70,673)
(71,78)
(71,81)
(71,114)
(71,116)
(71,167)
(71,170)
(71,242)
(71,246)
(71,273)
(71,277)
(71,296)
(71,299)
(71,315)
(71,316)
(71,326)
(71,1073)
(72,168)
(72,280)
(72,298)
(72,328)
(73,79)
(73,169)
(73,171)
(73,276)
(73,299)
(73,329)
(74,88)
(74,118)
(74,172)
(74,176)
(74,249)
(74,284)
(74,306)
(74,323)
(74,333)
(74,878)
(75,85)
(75,123)
(75,173)
(75,177)
(75,258)
(75,289)
(75,305)
(75,324)
(75,334)
(75,459)
(76,178)
(76,181)
(76,292)
(76,337)
(77,179)
(77,183)
(77,259)
(77,338)
(78,180)
(78,185)
(78,273)
(78,292)
(78,296)
(78,314)
(78,340)
(79,182)
(79,187)
(79,273)
(79,295)
(79,299)
(79,314)
(79,345)
(80,184)
(80,188)
(80,260)
(80,347)
(81,186)
(81,189)
(81,299)
(81,348)
(82,134)
(82,192)
(82,265)
(82,268)
(82,301)
(82,317)
(82,337)
(82,350)
(83,135)
(83,190)
(83,194)
(83,272)
(83,303)
(83,337)
(83,338)
(83,351)
(84,195)
(84,266)
(84,339)
(84,352)
(85,104)
(85,133)
(85,136)
(85,191)
(85,196)
(85,267)
(85,302)
(85,305)
(85,320)
(85,322)
(85,338)
(85,341)
(85,353)
(85,459)
(85,887)
(86,137)
(86,192)
(86,198)
(86,271)
(86,274)
(86,307)
(86,321)
(86,341)
(86,343)
(86,355)
(86,673)
(86,887)
(87,134)
(87,193)
(87,199)
(87,272)
(87,275)
(87,304)
(87,326)
(87,342)
(87,344)
(87,356)
(87,468)
(87,1073)
(88,102)
(88,135)
(88,138)
(88,195)
(88,200)
(88,279)
(88,306)
(88,309)
(88,325)
(88,327)
(88,344)
(88,347)
(88,358)
(88,468)
(88,878)
(89,196)
(89,280)
(89,346)
(89,359)
(90,136)
(90,197)
(90,201)
(90,274)
(90,308)
(90,347)
(90,348)
(90,360)
(91,137)
(91,199)
(91,278)
(91,281)
(91,310)
(91,330)
(91,348)
(91,361)
(92,141)
(92,202)
(92,283)
(92,349)
(92,350)
(92,365)
(93,142)
(93,203)
(93,284)
(93,350)
(93,351)
(93,366)
(94,107)
(94,146)
(94,202)
(94,205)
(94,287)
(94,332)
(94,353)
(94,355)
(94,367)
(94,887)
(95,141)
(95,206)
(95,284)
(95,354)
(95,356)
(95,368)
(96,147)
(96,203)
(96,289)
(96,355)
(96,357)
(96,369)
(97,112)
(97,142)
(97,204)
(97,207)
(97,286)
(97,335)
(97,356)
(97,358)
(97,370)
(97,468)
(98,146)
(98,206)
(98,289)
(98,360)
(98,361)
(98,371)
(99,147)
(99,207)
(99,290)
(99,361)
(99,362)
(99,372)
(100,114)
(100,208)
(100,213)
(100,293)
(100,338)
(100,374)
(101,113)
(101,209)
(101,219)
(101,297)
(101,324)
(101,338)
(101,379)
(101,459)
(102,210)
(102,220)
(102,292)
(102,325)
(102,339)
(102,363)
(102,380)
(103,212)
(103,221)
(103,273)
(103,321)
(103,326)
(103,340)
(103,345)
(103,382)
(104,213)
(104,223)
(104,299)
(104,322)
(104,346)
(104,364)
(104,384)
(105,116)
(105,214)
(105,224)
(105,294)
(105,323)
(105,347)
(105,385)
(105,878)
(106,115)
(106,220)
(106,225)
(106,298)
(106,347)
(106,390)
(107,157)
(107,229)
(107,303)
(107,332)
(107,350)
(107,375)
(107,393)
(108,156)
(108,233)
(108,331)
(108,356)
(108,378)
(108,397)
(109,226)
(109,234)
(109,307)
(109,334)
(109,353)
(109,379)
(109,398)
(109,459)
(110,228)
(110,236)
(110,304)
(110,333)
(110,358)
(110,385)
(110,401)
(110,878)
(111,161)
(111,229)
(111,336)
(111,355)
(111,386)
(111,402)
(112,160)
(112,233)
(112,308)
(112,335)
(112,361)
(112,389)
(112,406)
(113,237)
(113,240)
(113,312)
(113,338)
(113,409)
(114,238)
(114,244)
(114,315)
(114,338)
(114,364)
(114,413)
(115,241)
(115,247)
(115,313)
(115,347)
(115,363)
(115,416)
(116,245)
(116,248)
(116,316)
(116,347)
(116,420)
(117,134)
(117,249)
(117,319)
(117,349)
(117,374)
(117,422)
(118,135)
(118,167)
(118,251)
(118,350)
(118,377)
(118,411)
(118,424)
(119,165)
(119,256)
(119,320)
(119,325)
(119,356)
(119,376)
(119,382)
(119,412)
(119,429)
(120,137)
(120,249)
(120,257)
(120,326)
(120,353)
(120,384)
(120,413)
(120,430)
(121,134)
(121,250)
(121,258)
(121,321)
(121,358)
(121,380)
(121,416)
(121,431)
(122,170)
(122,251)
(122,322)
(122,327)
(122,355)
(122,382)
(122,388)
(122,417)
(122,432)
(123,136)
(123,168)
(123,256)
(123,361)
(123,387)
(123,418)
(123,437)
(124,137)
(124,258)
(124,328)
(124,362)
(124,390)
(124,439)
(125,141)
(125,172)
(125,261)
(125,392)
(125,422)
(125,445)
(126,142)
(126,262)
(126,331)
(126,365)
(126,394)
(126,422)
(126,424)
(126,446)
(127,140)
(127,146)
(127,176)
(127,261)
(127,395)
(127,400)
(127,428)
(127,430)
(127,447)
(128,141)
(128,263)
(128,332)
(128,370)
(128,396)
(128,429)
(128,431)
(128,448)
(129,147)
(129,262)
(129,335)
(129,367)
(129,403)
(129,430)
(129,432)
(129,449)
(130,142)
(130,148)
(130,173)
(130,264)
(130,399)
(130,404)
(130,431)
(130,433)
(130,450)
(131,146)
(131,263)
(131,336)
(131,372)
(131,405)
(131,437)
(131,439)
(131,451)
(132,147)
(132,177)
(132,264)
(132,407)
(132,439)
(132,452)
(133,181)
(133,265)
(133,271)
(133,338)
(133,375)
(133,408)
(133,457)
(134,150)
(134,152)
(134,179)
(134,184)
(134,266)
(134,337)
(134,342)
(134,374)
(134,380)
(134,410)
(134,413)
(134,440)
(134,441)
(135,186)
(135,268)
(135,274)
(135,338)
(135,344)
(135,377)
(135,383)
(135,412)
(135,441)
(135,442)
(135,461)
(136,181)
(136,272)
(136,278)
(136,341)
(136,347)
(136,381)
(136,387)
(136,417)
(136,442)
(136,443)
(136,466)
(137,151)
(137,153)
(137,183)
(137,188)
(137,280)
(137,343)
(137,348)
(137,384)
(137,390)
(137,416)
(137,419)
(137,443)
(137,444)
(138,186)
(138,275)
(138,281)
(138,347)
(138,389)
(138,421)
(138,470)
(139,156)
(139,283)
(139,422)
(139,453)
(139,475)
(140,157)
(140,285)
(140,395)
(140,422)
(140,426)
(140,476)
(141,154)
(141,158)
(141,190)
(141,195)
(141,282)
(141,286)
(141,350)
(141,354)
(141,392)
(141,396)
(141,423)
(141,428)
(141,458)
(141,477)
(142,155)
(142,160)
(142,191)
(142,197)
(142,283)
(142,287)
(142,351)
(142,356)
(142,394)
(142,399)
(142,425)
(142,430)
(142,461)
(142,478)
(143,156)
(143,288)
(143,395)
(143,401)
(143,427)
(143,431)
(143,463)
(143,479)
(144,192)
(144,199)
(144,284)
(144,289)
(144,353)
(144,358)
(144,429)
(144,432)
(144,461)
(144,466)
(144,480)
(145,161)
(145,285)
(145,398)
(145,404)
(145,430)
(145,434)
(145,464)
(145,481)
(146,157)
(146,162)
(146,194)
(146,200)
(146,286)
(146,290)
(146,355)
(146,360)
(146,400)
(146,405)
(146,431)
(146,436)
(146,466)
(146,482)
(147,159)
(147,163)
(147,196)
(147,201)
(147,287)
(147,291)
(147,357)
(147,361)
(147,403)
(147,407)
(147,433)
(147,438)
(147,469)
(147,483)
(148,160)
(148,288)
(148,404)
(148,435)
(148,439)
(148,484)
(149,161)
(149,290)
(149,439)
(149,474)
(149,485)
(150,292)
(150,410)
(150,486)
(151,292)
(151,298)
(151,416)
(151,441)
(151,492)
(152,293)
(152,299)
(152,413)
(152,443)
(152,493)
(153,299)
(153,419)
(153,499)
(154,210)
(154,301)
(154,423)
(154,453)
(154,486)
(154,500)
(155,166)
(155,303)
(155,376)
(155,425)
(155,486)
(155,502)
(156,164)
(156,167)
(156,208)
(156,214)
(156,300)
(156,304)
(156,373)
(156,378)
(156,422)
(156,427)
(156,456)
(156,487)
(156,488)
(156,504)
(157,165)
(157,169)
(157,209)
(157,220)
(157,301)
(157,307)
(157,375)
(157,383)
(157,426)
(157,431)
(157,464)
(157,491)
(157,492)
(157,507)
(158,211)
(158,308)
(158,377)
(158,385)
(158,428)
(158,466)
(158,493)
(158,509)
(159,222)
(159,303)
(159,379)
(159,387)
(159,433)
(159,461)
(159,492)
(159,510)
(160,166)
(160,170)
(160,213)
(160,224)
(160,304)
(160,310)
(160,381)
(160,389)
(160,430)
(160,435)
(160,463)
(160,493)
(160,494)
(160,512)
(161,168)
(161,171)
(161,219)
(161,225)
(161,307)
(161,311)
(161,386)
(161,391)
(161,434)
(161,439)
(161,471)
(161,497)
(161,498)
(161,515)
(162,169)
(162,308)
(162,388)
(162,436)
(162,499)
(162,517)
(163,223)
(163,310)
(163,438)
(163,474)
(163,499)
(163,519)
(164,180)
(164,318)
(164,456)
(164,486)
(164,530)
(165,178)
(165,182)
(165,237)
(165,241)
(165,317)
(165,321)
(165,408)
(165,412)
(165,455)
(165,486)
(165,489)
(165,520)
(165,521)
(165,532)
(166,185)
(166,318)
(166,463)
(166,488)
(166,492)
(166,522)
(166,537)
(167,180)
(167,186)
(167,238)
(167,245)
(167,319)
(167,326)
(167,411)
(167,415)
(167,465)
(167,490)
(167,493)
(167,523)
(167,524)
(167,539)
(168,181)
(168,187)
(168,240)
(168,247)
(168,321)
(168,328)
(168,414)
(168,418)
(168,462)
(168,492)
(168,495)
(168,525)
(168,526)
(168,542)
(169,182)
(169,329)
(169,464)
(169,493)
(169,497)
(169,527)
(169,544)
(170,185)
(170,189)
(170,244)
(170,248)
(170,326)
(170,330)
(170,417)
(170,421)
(170,472)
(170,496)
(170,499)
(170,528)
(170,529)
(170,549)
(171,187)
(171,329)
(171,471)
(171,499)
(171,551)
(172,195)
(172,333)
(172,422)
(172,506)
(172,534)
(172,552)
(173,191)
(173,256)
(173,334)
(173,431)
(173,480)
(173,505)
(173,535)
(173,540)
(173,553)
(174,199)
(174,249)
(174,331)
(174,335)
(174,428)
(174,478)
(174,512)
(174,539)
(174,541)
(174,554)
(175,192)
(175,258)
(175,332)
(175,336)
(175,433)
(175,482)
(175,507)
(175,540)
(175,542)
(175,555)
(176,200)
(176,251)
(176,333)
(176,430)
(176,480)
(176,514)
(176,541)
(176,546)
(176,556)
(177,196)
(177,334)
(177,439)
(177,513)
(177,547)
(177,557)
(178,337)
(178,486)
(178,558)
(179,338)
(179,440)
(179,559)
(180,340)
(180,486)
(180,490)
(180,522)
(180,560)
(181,260)
(181,337)
(181,343)
(181,442)
(181,492)
(181,521)
(181,563)
(182,345)
(182,489)
(182,493)
(182,522)
(182,525)
(182,565)
(183,338)
(183,346)
(183,443)
(183,566)
(184,339)
(184,347)
(184,441)
(184,567)
(185,340)
(185,492)
(185,496)
(185,524)
(185,527)
(185,568)
(186,259)
(186,342)
(186,348)
(186,442)
(186,493)
(186,528)
(186,570)
(187,345)
(187,495)
(187,499)
(187,527)
(187,573)
(188,347)
(188,444)
(188,574)
(189,348)
(189,499)
(189,575)
(190,211)
(190,268)
(190,351)
(190,458)
(190,502)
(190,558)
(190,559)
(190,576)
(191,213)
(191,265)
(191,272)
(191,349)
(191,353)
(191,454)
(191,501)
(191,505)
(191,531)
(191,533)
(191,559)
(191,561)
(191,577)
(192,217)
(192,350)
(192,355)
(192,457)
(192,461)
(192,503)
(192,507)
(192,532)
(192,538)
(192,561)
(192,563)
(192,578)
(193,218)
(193,266)
(193,356)
(193,458)
(193,504)
(193,539)
(193,562)
(193,564)
(193,579)
(194,209)
(194,267)
(194,274)
(194,351)
(194,357)
(194,466)
(194,510)
(194,535)
(194,563)
(194,566)
(194,581)
(195,210)
(195,268)
(195,275)
(195,352)
(195,358)
(195,467)
(195,506)
(195,511)
(195,536)
(195,541)
(195,564)
(195,567)
(195,582)
(196,223)
(196,271)
(196,278)
(196,353)
(196,359)
(196,460)
(196,508)
(196,513)
(196,540)
(196,545)
(196,566)
(196,569)
(196,583)
(197,224)
(197,272)
(197,279)
(197,354)
(197,360)
(197,461)
(197,509)
(197,546)
(197,567)
(197,570)
(197,584)
(198,215)
(198,280)
(198,355)
(198,469)
(198,515)
(198,542)
(198,569)
(198,571)
(198,586)
(199,216)
(199,356)
(199,361)
(199,466)
(199,470)
(199,512)
(199,516)
(199,543)
(199,549)
(199,570)
(199,572)
(199,587)
(200,220)
(200,274)
(200,281)
(200,358)
(200,362)
(200,473)
(200,514)
(200,518)
(200,548)
(200,550)
(200,572)
(200,574)
(200,588)
(201,222)
(201,278)
(201,360)
(201,469)
(201,517)
(201,574)
(201,575)
(201,589)
(202,230)
(202,286)
(202,365)
(202,367)
(202,478)
(202,577)
(202,578)
(202,596)
(203,287)
(203,366)
(203,369)
(203,480)
(203,578)
(203,581)
(203,597)
(204,233)
(204,283)
(204,370)
(204,477)
(204,554)
(204,579)
(204,582)
(205,229)
(205,290)
(205,367)
(205,483)
(205,555)
(205,583)
(205,586)
(206,286)
(206,368)
(206,371)
(206,480)
(206,584)
(206,587)
(206,598)
(207,232)
(207,287)
(207,370)
(207,372)
(207,482)
(207,587)
(207,588)
(207,599)
(208,238)
(208,374)
(208,487)
(208,559)
(208,600)
(209,237)
(209,379)
(209,491)
(209,535)
(209,559)
(209,602)
(210,380)
(210,486)
(210,536)
(210,590)
(210,603)
(211,242)
(211,294)
(211,373)
(211,381)
(211,537)
(211,563)
(211,591)
(211,604)
(212,243)
(212,296)
(212,382)
(212,532)
(212,539)
(212,560)
(212,565)
(213,244)
(213,374)
(213,384)
(213,493)
(213,533)
(213,566)
(213,591)
(213,605)
(214,245)
(214,385)
(214,488)
(214,534)
(214,567)
(214,606)
(215,239)
(215,298)
(215,375)
(215,386)
(215,542)
(215,563)
(215,607)
(216,292)
(216,376)
(216,387)
(216,491)
(216,537)
(216,543)
(216,564)
(216,568)
(216,592)
(216,608)
(217,299)
(217,377)
(217,388)
(217,494)
(217,538)
(217,544)
(217,565)
(217,569)
(217,593)
(217,609)
(218,246)
(218,293)
(218,378)
(218,389)
(218,539)
(218,570)
(218,610)
(219,240)
(219,379)
(219,497)
(219,547)
(219,566)
(219,611)
(220,241)
(220,380)
(220,390)
(220,492)
(220,548)
(220,567)
(220,594)
(220,612)
(221,242)
(221,295)
(221,382)
(221,542)
(221,549)
(221,568)
(221,573)
(222,243)
(222,297)
(222,383)
(222,391)
(222,544)
(222,570)
(222,594)
(222,613)
(223,384)
(223,499)
(223,545)
(223,595)
(223,614)
(224,248)
(224,385)
(224,494)
(224,546)
(224,574)
(224,615)
(225,247)
(225,390)
(225,498)
(225,574)
(225,617)
(226,253)
(226,305)
(226,398)
(226,507)
(226,553)
(226,577)
(226,602)
(227,255)
(227,306)
(227,392)
(227,400)
(227,503)
(227,509)
(227,581)
(227,604)
(227,605)
(227,618)
(228,401)
(228,504)
(228,552)
(228,582)
(228,606)
(229,307)
(229,393)
(229,402)
(229,510)
(229,555)
(229,578)
(229,607)
(229,619)
(230,257)
(230,302)
(230,308)
(230,394)
(230,403)
(230,512)
(230,583)
(230,605)
(230,609)
(230,620)
(231,249)
(231,258)
(231,395)
(231,404)
(231,553)
(231,556)
(231,580)
(231,585)
(231,621)
(232,250)
(232,303)
(232,309)
(232,396)
(232,405)
(232,507)
(232,582)
(232,608)
(232,612)
(232,622)
(233,304)
(233,397)
(233,406)
(233,509)
(233,554)
(233,587)
(233,610)
(233,623)
(234,398)
(234,515)
(234,557)
(234,583)
(234,611)
(235,252)
(235,305)
(235,399)
(235,407)
(235,510)
(235,516)
(235,584)
(235,612)
(235,613)
(235,624)
(236,254)
(236,306)
(236,401)
(236,512)
(236,556)
(236,588)
(236,615)
(237,409)
(237,520)
(237,559)
(237,625)
(238,259)
(238,413)
(238,523)
(238,559)
(238,591)
(238,627)
(239,313)
(239,408)
(239,414)
(239,563)
(239,628)
(240,409)
(240,525)
(240,566)
(240,630)
(241,410)
(241,416)
(241,521)
(241,567)
(241,590)
(241,631)
(242,316)
(242,411)
(242,417)
(242,563)
(242,568)
(242,593)
(242,632)
(243,312)
(243,412)
(243,418)
(243,565)
(243,570)
(243,592)
(243,633)
(244,413)
(244,419)
(244,528)
(244,566)
(244,595)
(244,634)
(245,420)
(245,524)
(245,567)
(245,635)
(246,315)
(246,415)
(246,421)
(246,570)
(246,637)
(247,260)
(247,416)
(247,526)
(247,574)
(247,594)
(247,638)
(248,420)
(248,529)
(248,574)
(248,640)
(249,323)
(249,422)
(249,430)
(249,539)
(249,577)
(249,580)
(249,601)
(249,605)
(249,627)
(249,629)
(249,641)
(250,266)
(250,325)
(250,423)
(250,431)
(250,532)
(250,582)
(250,603)
(250,631)
(250,642)
(251,274)
(251,326)
(251,424)
(251,432)
(251,533)
(251,541)
(251,578)
(251,609)
(251,629)
(251,632)
(251,643)
(252,268)
(252,320)
(252,425)
(252,433)
(252,535)
(252,543)
(252,584)
(252,631)
(252,633)
(252,644)
(253,269)
(253,276)
(253,426)
(253,434)
(253,544)
(253,585)
(253,605)
(253,611)
(253,645)
(254,270)
(254,277)
(254,427)
(254,435)
(254,537)
(254,580)
(254,606)
(254,612)
(254,646)
(255,278)
(255,327)
(255,428)
(255,436)
(255,538)
(255,546)
(255,581)
(255,632)
(255,634)
(255,647)
(256,272)
(256,321)
(256,429)
(256,437)
(256,540)
(256,548)
(256,587)
(256,608)
(256,633)
(256,636)
(256,648)
(257,280)
(257,322)
(257,430)
(257,438)
(257,549)
(257,583)
(257,614)
(257,634)
(257,649)
(258,324)
(258,431)
(258,439)
(258,542)
(258,585)
(258,588)
(258,612)
(258,616)
(258,636)
(258,638)
(258,650)
(259,440)
(259,443)
(259,591)
(259,655)
(260,441)
(260,444)
(260,594)
(260,656)
(261,286)
(261,333)
(261,445)
(261,447)
(261,618)
(261,641)
(261,661)
(262,287)
(262,446)
(262,449)
(262,554)
(262,596)
(262,620)
(262,641)
(262,643)
(262,662)
(263,286)
(263,448)
(263,451)
(263,555)
(263,599)
(263,622)
(263,648)
(263,650)
(263,663)
(264,287)
(264,334)
(264,450)
(264,452)
(264,624)
(264,650)
(264,664)
(265,337)
(265,457)
(265,559)
(265,665)
(266,293)
(266,339)
(266,453)
(266,558)
(266,562)
(266,600)
(266,603)
(266,626)
(266,627)
(266,651)
(266,652)
(266,666)
(267,341)
(267,454)
(267,460)
(267,563)
(267,667)
(268,294)
(268,342)
(268,461)
(268,559)
(268,564)
(268,629)
(268,652)
(268,653)
(268,668)
(269,295)
(269,455)
(269,462)
(269,565)
(269,605)
(269,630)
(269,669)
(270,296)
(270,456)
(270,463)
(270,601)
(270,606)
(270,631)
(270,670)
(271,343)
(271,457)
(271,566)
(271,607)
(271,628)
(271,671)
(272,337)
(272,344)
(272,458)
(272,466)
(272,561)
(272,567)
(272,604)
(272,608)
(272,632)
(272,653)
(272,655)
(272,672)
(274,341)
(274,348)
(274,461)
(274,469)
(274,566)
(274,572)
(274,609)
(274,613)
(274,633)
(274,656)
(274,658)
(274,674)
(275,342)
(275,470)
(275,567)
(275,610)
(275,637)
(275,675)
(276,295)
(276,464)
(276,471)
(276,611)
(276,616)
(276,634)
(276,676)
(277,296)
(277,465)
(277,472)
(277,568)
(277,612)
(277,635)
(277,677)
(278,297)
(278,343)
(278,466)
(278,569)
(278,574)
(278,636)
(278,658)
(278,659)
(278,678)
(279,344)
(279,467)
(279,473)
(279,570)
(279,679)
(280,298)
(280,346)
(280,474)
(280,571)
(280,575)
(280,614)
(280,617)
(280,638)
(280,639)
(280,659)
(280,660)
(280,680)
(281,348)
(281,470)
(281,574)
(281,681)
(282,352)
(282,477)
(282,666)
(282,686)
(283,304)
(283,349)
(283,354)
(283,475)
(283,478)
(283,576)
(283,579)
(283,641)
(283,666)
(283,668)
(283,687)
(284,306)
(284,350)
(284,356)
(284,480)
(284,577)
(284,582)
(284,643)
(284,668)
(284,672)
(284,688)
(285,307)
(285,476)
(285,481)
(285,621)
(285,641)
(285,645)
(285,689)
(286,301)
(286,308)
(286,351)
(286,358)
(286,477)
(286,482)
(286,578)
(286,584)
(286,618)
(286,622)
(286,642)
(286,647)
(286,672)
(286,690)
(287,303)
(287,310)
(287,353)
(287,360)
(287,478)
(287,483)
(287,581)
(287,587)
(287,620)
(287,624)
(287,644)
(287,649)
(287,674)
(287,691)
(288,304)
(288,479)
(288,484)
(288,621)
(288,646)
(288,650)
(288,692)
(289,305)
(289,355)
(289,361)
(289,480)
(289,583)
(289,588)
(289,648)
(289,674)
(289,678)
(289,693)
(290,307)
(290,357)
(290,362)
(290,482)
(290,485)
(290,586)
(290,589)
(290,650)
(290,678)
(290,680)
(290,694)
(291,359)
(291,483)
(291,680)
(291,695)
(292,314)
(292,363)
(292,486)
(292,492)
(292,592)
(292,631)
(292,652)
(292,654)
(292,682)
(292,683)
(292,696)
(293,315)
(293,487)
(293,493)
(293,627)
(293,655)
(293,697)
(294,316)
(294,488)
(294,494)
(294,591)
(294,629)
(294,656)
(294,699)
(295,489)
(295,495)
(295,630)
(295,634)
(295,654)
(295,700)
(296,490)
(296,496)
(296,631)
(296,635)
(296,657)
(296,701)
(297,312)
(297,491)
(297,497)
(297,594)
(297,636)
(297,655)
(297,702)
(298,313)
(298,492)
(298,498)
(298,638)
(298,656)
(298,704)
(299,314)
(299,364)
(299,493)
(299,499)
(299,593)
(299,634)
(299,657)
(299,659)
(299,684)
(299,685)
(299,705)
(300,319)
(300,504)
(300,666)
(300,707)
(301,317)
(301,380)
(301,500)
(301,507)
(301,642)
(301,666)
(301,696)
(301,708)
(302,322)
(302,381)
(302,501)
(302,508)
(302,605)
(302,671)
(302,709)
(303,383)
(303,502)
(303,510)
(303,602)
(303,608)
(303,644)
(303,668)
(303,696)
(303,698)
(303,710)
(304,318)
(304,326)
(304,374)
(304,385)
(304,504)
(304,512)
(304,604)
(304,610)
(304,641)
(304,646)
(304,670)
(304,697)
(304,699)
(304,712)
(305,320)
(305,375)
(305,387)
(305,505)
(305,513)
(305,612)
(305,648)
(305,672)
(305,698)
(305,702)
(305,713)
(306,327)
(306,377)
(306,389)
(306,506)
(306,514)
(306,605)
(306,643)
(306,674)
(306,699)
(306,703)
(306,714)
(307,321)
(307,329)
(307,379)
(307,390)
(307,507)
(307,515)
(307,607)
(307,613)
(307,645)
(307,650)
(307,676)
(307,702)
(307,704)
(307,715)
(308,381)
(308,509)
(308,517)
(308,609)
(308,615)
(308,647)
(308,678)
(308,703)
(308,705)
(308,717)
(309,325)
(309,383)
(309,511)
(309,518)
(309,612)
(309,675)
(309,718)
(310,330)
(310,384)
(310,512)
(310,519)
(310,649)
(310,680)
(310,705)
(310,719)
(311,328)
(311,515)
(311,680)
(311,720)
(312,520)
(312,525)
(312,655)
(312,682)
(312,722)
(313,521)
(313,526)
(313,656)
(313,683)
(313,724)
(314,522)
(314,527)
(314,654)
(314,657)
(314,725)
(315,523)
(315,528)
(315,655)
(315,684)
(315,726)
(316,524)
(316,529)
(316,656)
(316,685)
(316,728)
(317,410)
(317,532)
(317,666)
(317,729)
(318,340)
(318,530)
(318,537)
(318,670)
(318,696)
(318,730)
(319,342)
(319,539)
(319,666)
(319,697)
(319,732)
(320,408)
(320,531)
(320,540)
(320,631)
(320,672)
(320,722)
(320,733)
(321,337)
(321,345)
(321,409)
(321,416)
(321,532)
(321,542)
(321,628)
(321,633)
(321,669)
(321,696)
(321,700)
(321,722)
(321,724)
(321,734)
(322,346)
(322,417)
(322,533)
(322,545)
(322,634)
(322,671)
(322,723)
(322,736)
(323,347)
(323,411)
(323,534)
(323,546)
(323,629)
(323,635)
(323,672)
(323,703)
(323,726)
(323,737)
(324,338)
(324,418)
(324,535)
(324,547)
(324,630)
(324,636)
(324,674)
(324,698)
(324,724)
(324,738)
(325,339)
(325,412)
(325,536)
(325,548)
(325,631)
(325,675)
(325,727)
(325,739)
(326,340)
(326,348)
(326,413)
(326,420)
(326,539)
(326,549)
(326,632)
(326,637)
(326,677)
(326,701)
(326,705)
(326,726)
(326,728)
(326,741)
(327,421)
(327,541)
(327,550)
(327,634)
(327,674)
(327,728)
(327,742)
(328,343)
(328,542)
(328,680)
(328,704)
(328,743)
(329,345)
(329,544)
(329,551)
(329,676)
(329,705)
(329,745)
(330,419)
(330,549)
(330,680)
(330,746)
(331,356)
(331,422)
(331,554)
(331,687)
(331,712)
(331,732)
(331,751)
(332,350)
(332,431)
(332,555)
(332,644)
(332,690)
(332,708)
(332,733)
(332,734)
(332,752)
(333,358)
(333,424)
(333,552)
(333,556)
(333,641)
(333,688)
(333,714)
(333,737)
(333,753)
(334,353)
(334,437)
(334,553)
(334,557)
(334,650)
(334,693)
(334,713)
(334,738)
(334,754)
(335,361)
(335,430)
(335,554)
(335,647)
(335,691)
(335,719)
(335,741)
(335,742)
(335,755)
(336,355)
(336,439)
(336,555)
(336,694)
(336,715)
(336,743)
(336,756)
(337,441)
(337,558)
(337,563)
(337,653)
(337,696)
(337,747)
(337,758)
(338,364)
(338,442)
(338,559)
(338,566)
(338,655)
(338,698)
(338,723)
(338,747)
(338,748)
(338,759)
(339,567)
(339,652)
(339,760)
(340,560)
(340,568)
(340,696)
(340,701)
(340,725)
(340,761)
(341,443)
(341,561)
(341,569)
(341,656)
(341,702)
(341,722)
(341,748)
(341,762)
(342,440)
(342,562)
(342,570)
(342,653)
(342,697)
(342,726)
(342,763)
(343,444)
(343,563)
(343,571)
(343,658)
(343,704)
(343,724)
(343,764)
(344,441)
(344,564)
(344,572)
(344,655)
(344,699)
(344,728)
(344,749)
(344,765)
(345,565)
(345,573)
(345,700)
(345,705)
(345,725)
(345,766)
(346,566)
(346,659)
(346,767)
(347,363)
(347,442)
(347,567)
(347,574)
(347,656)
(347,703)
(347,727)
(347,749)
(347,750)
(347,768)
(348,443)
(348,570)
(348,575)
(348,658)
(348,705)
(348,750)
(348,769)
(349,374)
(349,458)
(349,577)
(349,666)
(349,757)
(349,771)
(350,377)
(350,578)
(350,665)
(350,668)
(350,706)
(350,708)
(350,729)
(350,731)
(350,757)
(350,758)
(350,772)
(351,381)
(351,454)
(351,461)
(351,576)
(351,581)
(351,672)
(351,710)
(351,758)
(351,759)
(351,774)
(352,582)
(352,666)
(352,760)
(352,775)
(353,384)
(353,457)
(353,466)
(353,577)
(353,583)
(353,667)
(353,709)
(353,713)
(353,733)
(353,736)
(353,759)
(353,762)
(353,776)
(354,385)
(354,458)
(354,467)
(354,584)
(354,668)
(354,737)
(354,760)
(354,763)
(354,777)
(355,375)
(355,388)
(355,578)
(355,586)
(355,671)
(355,674)
(355,711)
(355,715)
(355,734)
(355,740)
(355,762)
(355,764)
(355,779)
(356,376)
(356,389)
(356,579)
(356,587)
(356,672)
(356,675)
(356,712)
(356,716)
(356,735)
(356,741)
(356,763)
(356,765)
(356,780)
(357,379)
(357,460)
(357,469)
(357,581)
(357,678)
(357,738)
(357,764)
(357,767)
(357,782)
(358,380)
(358,461)
(358,470)
(358,582)
(358,588)
(358,679)
(358,714)
(358,718)
(358,739)
(358,742)
(358,765)
(358,768)
(358,783)
(359,583)
(359,680)
(359,767)
(359,784)
(360,383)
(360,466)
(360,473)
(360,584)
(360,589)
(360,674)
(360,717)
(360,768)
(360,769)
(360,785)
(361,387)
(361,587)
(361,678)
(361,681)
(361,719)
(361,721)
(361,744)
(361,746)
(361,769)
(361,770)
(361,787)
(362,390)
(362,469)
(362,588)
(362,680)
(362,770)
(362,788)
(363,590)
(363,594)
(363,683)
(363,727)
(363,791)
(364,591)
(364,595)
(364,684)
(364,723)
(364,792)
(365,394)
(365,477)
(365,596)
(365,687)
(365,771)
(365,772)
(366,478)
(366,597)
(366,688)
(366,772)
(366,774)
(367,393)
(367,403)
(367,482)
(367,596)
(367,691)
(367,752)
(367,776)
(367,779)
(368,477)
(368,598)
(368,688)
(368,777)
(368,780)
(369,483)
(369,597)
(369,693)
(369,779)
(369,782)
(370,396)
(370,406)
(370,478)
(370,599)
(370,690)
(370,755)
(370,780)
(370,783)
(371,482)
(371,598)
(371,693)
(371,785)
(371,787)
(372,405)
(372,483)
(372,599)
(372,694)
(372,787)
(372,788)
(373,411)
(373,488)
(373,604)
(373,730)
(373,758)
(373,796)
(374,413)
(374,600)
(374,605)
(374,697)
(374,759)
(374,797)
(375,408)
(375,492)
(375,607)
(375,698)
(375,734)
(375,758)
(375,798)
(376,486)
(376,608)
(376,730)
(376,735)
(376,761)
(376,789)
(376,799)
(377,493)
(377,609)
(377,699)
(377,731)
(377,762)
(377,790)
(377,800)
(378,415)
(378,487)
(378,610)
(378,732)
(378,763)
(378,801)
(379,409)
(379,602)
(379,611)
(379,702)
(379,738)
(379,759)
(379,803)
(380,410)
(380,603)
(380,612)
(380,696)
(380,739)
(380,760)
(380,791)
(380,804)
(381,417)
(381,494)
(381,604)
(381,703)
(381,764)
(381,790)
(381,792)
(381,805)
(382,411)
(382,418)
(382,489)
(382,496)
(382,734)
(382,741)
(382,761)
(382,766)
(383,412)
(383,491)
(383,613)
(383,698)
(383,763)
(383,791)
(383,793)
(383,806)
(384,419)
(384,605)
(384,614)
(384,705)
(384,736)
(384,767)
(384,792)
(384,807)
(385,420)
(385,606)
(385,615)
(385,699)
(385,737)
(385,768)
(385,808)
(386,414)
(386,498)
(386,607)
(386,743)
(386,764)
(386,810)
(387,492)
(387,608)
(387,702)
(387,744)
(387,765)
(387,793)
(387,811)
(388,499)
(388,609)
(388,740)
(388,745)
(388,766)
(388,794)
(388,812)
(389,421)
(389,493)
(389,610)
(389,703)
(389,741)
(389,769)
(389,813)
(390,416)
(390,612)
(390,617)
(390,704)
(390,768)
(390,814)
(391,418)
(391,497)
(391,613)
(391,745)
(391,769)
(391,815)
(392,428)
(392,506)
(392,618)
(392,706)
(392,774)
(392,796)
(392,797)
(392,817)
(393,507)
(393,619)
(393,710)
(393,752)
(393,772)
(393,798)
(394,430)
(394,501)
(394,509)
(394,620)
(394,712)
(394,776)
(394,797)
(394,800)
(394,818)
(395,422)
(395,431)
(395,621)
(395,753)
(395,773)
(395,778)
(395,802)
(395,819)
(396,423)
(396,502)
(396,511)
(396,622)
(396,708)
(396,775)
(396,799)
(396,804)
(396,820)
(397,504)
(397,623)
(397,751)
(397,780)
(397,801)
(398,434)
(398,513)
(398,715)
(398,754)
(398,776)
(398,803)
(399,425)
(399,435)
(399,505)
(399,624)
(399,710)
(399,716)
(399,777)
(399,781)
(399,804)
(399,806)
(399,821)
(400,426)
(400,436)
(400,514)
(400,618)
(400,711)
(400,717)
(400,778)
(400,782)
(400,805)
(400,807)
(400,822)
(401,427)
(401,506)
(401,712)
(401,753)
(401,783)
(401,808)
(402,515)
(402,619)
(402,756)
(402,779)
(402,810)
(403,438)
(403,508)
(403,517)
(403,620)
(403,719)
(403,784)
(403,807)
(403,812)
(403,823)
(404,430)
(404,439)
(404,621)
(404,754)
(404,781)
(404,786)
(404,809)
(404,824)
(405,431)
(405,510)
(405,518)
(405,622)
(405,715)
(405,783)
(405,811)
(405,814)
(405,825)
(406,512)
(406,623)
(406,717)
(406,755)
(406,787)
(406,813)
(407,433)
(407,513)
(407,624)
(407,721)
(407,785)
(407,814)
(407,815)
(407,826)
(408,521)
(408,628)
(408,758)
(408,828)
(409,625)
(409,630)
(409,722)
(409,759)
(409,830)
(410,626)
(410,631)
(410,760)
(410,831)
(411,442)
(411,524)
(411,632)
(411,758)
(411,761)
(411,790)
(411,832)
(412,520)
(412,633)
(412,763)
(412,789)
(412,833)
(413,443)
(413,627)
(413,634)
(413,726)
(413,759)
(413,792)
(413,834)
(414,526)
(414,628)
(414,764)
(414,835)
(415,523)
(415,637)
(415,763)
(415,838)
(416,441)
(416,631)
(416,638)
(416,724)
(416,768)
(416,791)
(416,839)
(417,529)
(417,632)
(417,764)
(417,794)
(417,840)
(418,442)
(418,525)
(418,633)
(418,766)
(418,769)
(418,793)
(418,841)
(419,634)
(419,639)
(419,767)
(419,842)
(420,635)
(420,640)
(420,728)
(420,768)
(420,843)
(421,528)
(421,637)
(421,769)
(421,845)
(422,534)
(422,641)
(422,732)
(422,771)
(422,773)
(422,795)
(422,797)
(422,827)
(422,829)
(422,847)
(423,453)
(423,536)
(423,642)
(423,729)
(423,775)
(423,831)
(423,848)
(424,461)
(424,539)
(424,643)
(424,772)
(424,800)
(424,829)
(424,832)
(425,463)
(425,531)
(425,644)
(425,735)
(425,777)
(425,802)
(425,831)
(425,833)
(425,849)
(426,455)
(426,464)
(426,645)
(426,778)
(426,797)
(426,803)
(426,850)
(427,456)
(427,465)
(427,646)
(427,730)
(427,773)
(427,804)
(427,851)
(428,466)
(428,541)
(428,647)
(428,731)
(428,737)
(428,774)
(428,805)
(428,832)
(428,834)
(428,852)
(429,458)
(429,532)
(429,543)
(429,648)
(429,733)
(429,739)
(429,780)
(429,799)
(429,833)
(429,836)
(430,533)
(430,546)
(430,641)
(430,649)
(430,741)
(430,776)
(430,781)
(430,802)
(430,807)
(430,834)
(430,837)
(430,853)
(431,535)
(431,548)
(431,642)
(431,650)
(431,734)
(431,778)
(431,783)
(431,804)
(431,809)
(431,836)
(431,839)
(431,854)
(432,469)
(432,538)
(432,549)
(432,643)
(432,736)
(432,742)
(432,779)
(432,812)
(432,837)
(432,840)
(433,461)
(433,540)
(433,644)
(433,738)
(433,744)
(433,785)
(433,806)
(433,839)
(433,841)
(433,855)
(434,462)
(434,471)
(434,645)
(434,745)
(434,786)
(434,807)
(434,856)
(435,463)
(435,472)
(435,646)
(435,781)
(435,808)
(435,814)
(435,857)
(436,464)
(436,550)
(436,647)
(436,740)
(436,782)
(436,809)
(436,840)
(436,842)
(436,858)
(437,466)
(437,542)
(437,648)
(437,787)
(437,811)
(437,841)
(437,844)
(438,474)
(438,545)
(438,649)
(438,746)
(438,784)
(438,842)
(438,859)
(439,547)
(439,650)
(439,743)
(439,786)
(439,788)
(439,814)
(439,816)
(439,844)
(439,846)
(439,860)
(440,651)
(440,655)
(440,863)
(441,652)
(441,656)
(441,747)
(441,791)
(441,864)
(442,653)
(442,658)
(442,748)
(442,749)
(442,790)
(442,793)
(442,866)
(443,655)
(443,659)
(443,750)
(443,792)
(443,868)
(444,656)
(444,660)
(444,869)
(445,477)
(445,552)
(445,661)
(445,817)
(445,847)
(446,478)
(446,662)
(446,751)
(446,818)
(446,847)
(447,476)
(447,482)
(447,556)
(447,661)
(447,819)
(447,822)
(447,852)
(447,853)
(448,477)
(448,663)
(448,752)
(448,820)
(448,854)
(449,483)
(449,662)
(449,755)
(449,823)
(449,853)
(450,478)
(450,484)
(450,553)
(450,664)
(450,821)
(450,824)
(450,854)
(450,855)
(451,482)
(451,663)
(451,756)
(451,825)
(451,860)
(452,483)
(452,557)
(452,664)
(452,826)
(452,860)
(453,487)
(453,666)
(453,827)
(453,861)
(453,872)
(454,561)
(454,667)
(454,758)
(454,873)
(455,489)
(455,669)
(455,797)
(455,830)
(455,874)
(456,490)
(456,670)
(456,795)
(456,831)
(456,875)
(457,563)
(457,665)
(457,671)
(457,759)
(457,798)
(457,828)
(457,876)
(458,558)
(458,564)
(458,672)
(458,757)
(458,760)
(458,796)
(458,799)
(458,832)
(458,863)
(458,877)
(460,569)
(460,667)
(460,764)
(460,879)
(461,494)
(461,561)
(461,570)
(461,668)
(461,674)
(461,759)
(461,765)
(461,800)
(461,806)
(461,833)
(461,837)
(461,864)
(461,866)
(461,880)
(462,495)
(462,669)
(462,766)
(462,807)
(462,881)
(463,488)
(463,496)
(463,670)
(463,802)
(463,808)
(463,839)
(463,865)
(463,882)
(464,489)
(464,497)
(464,676)
(464,803)
(464,809)
(464,834)
(464,867)
(464,883)
(465,490)
(465,677)
(465,761)
(465,804)
(465,884)
(466,491)
(466,563)
(466,572)
(466,672)
(466,678)
(466,762)
(466,768)
(466,805)
(466,811)
(466,836)
(466,840)
(466,866)
(466,868)
(466,885)
(467,564)
(467,679)
(467,763)
(467,886)
(469,569)
(469,575)
(469,674)
(469,767)
(469,770)
(469,812)
(469,815)
(469,841)
(469,869)
(469,888)
(470,570)
(470,675)
(470,681)
(470,768)
(470,813)
(470,845)
(470,889)
(471,495)
(471,676)
(471,816)
(471,842)
(471,890)
(472,496)
(472,677)
(472,814)
(472,843)
(472,891)
(473,572)
(473,679)
(473,769)
(473,892)
(474,498)
(474,680)
(474,846)
(474,871)
(474,893)
(475,504)
(475,687)
(475,847)
(475,872)
(476,507)
(476,580)
(476,689)
(476,819)
(476,847)
(476,850)
(477,500)
(477,509)
(477,576)
(477,582)
(477,686)
(477,690)
(477,772)
(477,777)
(477,817)
(477,820)
(477,848)
(477,852)
(477,877)
(477,902)
(478,502)
(478,512)
(478,577)
(478,584)
(478,687)
(478,691)
(478,774)
(478,780)
(478,818)
(478,821)
(478,849)
(478,853)
(478,880)
(478,903)
(479,504)
(479,692)
(479,819)
(479,851)
(479,854)
(479,882)
(480,505)
(480,514)
(480,578)
(480,587)
(480,688)
(480,693)
(480,776)
(480,783)
(480,880)
(480,885)
(480,904)
(481,515)
(481,689)
(481,824)
(481,853)
(481,856)
(481,883)
(482,507)
(482,517)
(482,581)
(482,588)
(482,690)
(482,694)
(482,779)
(482,785)
(482,822)
(482,825)
(482,854)
(482,858)
(482,885)
(482,905)
(483,510)
(483,519)
(483,583)
(483,589)
(483,691)
(483,695)
(483,782)
(483,787)
(483,823)
(483,826)
(483,855)
(483,859)
(483,888)
(483,906)
(484,512)
(484,585)
(484,692)
(484,824)
(484,857)
(484,860)
(485,515)
(485,694)
(485,860)
(485,893)
(486,522)
(486,590)
(486,696)
(486,789)
(486,831)
(486,861)
(486,862)
(486,894)
(486,895)
(486,907)
(487,523)
(487,697)
(487,827)
(487,863)
(487,908)
(488,524)
(488,699)
(488,829)
(488,864)
(488,910)
(489,525)
(489,700)
(489,830)
(489,834)
(489,862)
(489,911)
(490,701)
(490,831)
(490,865)
(490,912)
(491,520)
(491,702)
(491,791)
(491,836)
(491,863)
(491,896)
(491,913)
(492,521)
(492,527)
(492,594)
(492,696)
(492,704)
(492,793)
(492,839)
(492,864)
(492,867)
(492,896)
(492,898)
(492,915)
(493,522)
(493,528)
(493,591)
(493,697)
(493,705)
(493,790)
(493,834)
(493,865)
(493,868)
(493,897)
(493,899)
(493,916)
(494,529)
(494,699)
(494,792)
(494,837)
(494,869)
(494,899)
(494,918)
(495,700)
(495,842)
(495,867)
(495,919)
(496,524)
(496,701)
(496,839)
(496,843)
(496,870)
(496,920)
(497,525)
(497,702)
(497,844)
(497,868)
(497,921)
(498,526)
(498,704)
(498,846)
(498,869)
(498,923)
(499,527)
(499,595)
(499,705)
(499,794)
(499,842)
(499,870)
(499,871)
(499,900)
(499,901)
(499,924)
(500,603)
(500,708)
(500,848)
(500,872)
(500,907)
(501,533)
(501,604)
(501,709)
(501,797)
(501,876)
(501,925)
(502,537)
(502,710)
(502,799)
(502,849)
(502,907)
(502,909)
(503,538)
(503,605)
(503,706)
(503,711)
(503,800)
(503,850)
(503,874)
(503,926)
(504,530)
(504,539)
(504,600)
(504,606)
(504,707)
(504,712)
(504,796)
(504,801)
(504,847)
(504,851)
(504,875)
(504,908)
(504,910)
(504,927)
(505,531)
(505,608)
(505,713)
(505,804)
(505,877)
(505,909)
(505,913)
(505,928)
(506,541)
(506,610)
(506,714)
(506,797)
(506,880)
(506,910)
(506,914)
(506,929)
(507,532)
(507,544)
(507,602)
(507,612)
(507,708)
(507,715)
(507,798)
(507,806)
(507,850)
(507,854)
(507,883)
(507,913)
(507,915)
(507,930)
(508,545)
(508,709)
(508,807)
(508,931)
(509,546)
(509,604)
(509,717)
(509,800)
(509,808)
(509,852)
(509,885)
(509,914)
(509,916)
(510,535)
(510,613)
(510,710)
(510,803)
(510,811)
(510,855)
(510,880)
(510,915)
(510,917)
(511,536)
(511,718)
(511,804)
(511,932)
(512,537)
(512,549)
(512,605)
(512,615)
(512,712)
(512,719)
(512,805)
(512,813)
(512,853)
(512,857)
(512,882)
(512,916)
(512,918)
(512,933)
(513,540)
(513,607)
(513,713)
(513,814)
(513,885)
(513,917)
(513,921)
(513,934)
(514,550)
(514,609)
(514,714)
(514,807)
(514,888)
(514,918)
(514,922)
(514,935)
(515,542)
(515,551)
(515,611)
(515,617)
(515,715)
(515,720)
(515,810)
(515,815)
(515,856)
(515,860)
(515,890)
(515,921)
(515,923)
(515,936)
(516,543)
(516,612)
(516,716)
(516,721)
(516,811)
(516,857)
(516,891)
(516,937)
(517,544)
(517,717)
(517,812)
(517,858)
(517,922)
(517,924)
(518,548)
(518,613)
(518,718)
(518,814)
(518,889)
(518,938)
(519,614)
(519,719)
(519,859)
(519,893)
(519,924)
(520,722)
(520,863)
(520,894)
(520,939)
(521,724)
(521,864)
(521,895)
(521,941)
(522,725)
(522,862)
(522,865)
(522,896)
(522,942)
(523,726)
(523,863)
(523,897)
(523,943)
(524,728)
(524,864)
(524,899)
(524,946)
(525,722)
(525,868)
(525,896)
(525,947)
(526,724)
(526,869)
(526,898)
(526,950)
(527,725)
(527,867)
(527,870)
(527,899)
(527,951)
(528,726)
(528,868)
(528,900)
(528,952)
(529,728)
(529,869)
(529,901)
(529,954)
(530,560)
(530,730)
(530,875)
(530,907)
(531,733)
(531,831)
(531,877)
(531,939)
(531,955)
(532,558)
(532,565)
(532,625)
(532,631)
(532,729)
(532,734)
(532,828)
(532,833)
(532,874)
(532,907)
(532,911)
(532,939)
(532,941)
(532,956)
(533,566)
(533,632)
(533,736)
(533,834)
(533,876)
(533,940)
(533,957)
(534,567)
(534,737)
(534,829)
(534,877)
(534,914)
(534,943)
(534,958)
(535,559)
(535,633)
(535,738)
(535,830)
(535,836)
(535,880)
(535,909)
(535,941)
(535,959)
(536,739)
(536,831)
(536,944)
(536,960)
(537,568)
(537,730)
(537,882)
(537,910)
(537,915)
(537,942)
(538,569)
(538,634)
(538,731)
(538,740)
(538,837)
(538,883)
(538,911)
(538,945)
(538,961)
(539,560)
(539,570)
(539,627)
(539,635)
(539,732)
(539,741)
(539,832)
(539,838)
(539,884)
(539,912)
(539,916)
(539,943)
(539,946)
(539,962)
(540,561)
(540,628)
(540,636)
(540,733)
(540,839)
(540,885)
(540,913)
(540,947)
(540,963)
(541,572)
(541,629)
(541,637)
(541,742)
(541,834)
(541,880)
(541,918)
(541,946)
(541,965)
(542,563)
(542,573)
(542,630)
(542,638)
(542,734)
(542,743)
(542,835)
(542,841)
(542,881)
(542,915)
(542,919)
(542,947)
(542,950)
(542,966)
(543,564)
(543,631)
(543,735)
(543,744)
(543,836)
(543,882)
(543,920)
(543,948)
(543,967)
(544,565)
(544,745)
(544,883)
(544,916)
(544,921)
(544,951)
(545,736)
(545,842)
(545,949)
(545,968)
(546,574)
(546,632)
(546,737)
(546,837)
(546,843)
(546,885)
(546,922)
(546,952)
(546,969)
(547,566)
(547,738)
(547,844)
(547,888)
(547,917)
(547,950)
(547,970)
(548,567)
(548,633)
(548,739)
(548,839)
(548,889)
(548,953)
(548,971)
(549,568)
(549,575)
(549,634)
(549,640)
(549,741)
(549,746)
(549,840)
(549,845)
(549,891)
(549,920)
(549,924)
(549,952)
(549,954)
(549,972)
(550,742)
(550,842)
(550,888)
(550,954)
(550,973)
(551,573)
(551,745)
(551,890)
(551,924)
(552,582)
(552,753)
(552,847)
(552,929)
(552,958)
(553,577)
(553,585)
(553,648)
(553,754)
(553,854)
(553,904)
(553,928)
(553,959)
(553,963)
(554,587)
(554,641)
(554,751)
(554,755)
(554,852)
(554,903)
(554,933)
(554,962)
(554,965)
(554,982)
(555,578)
(555,650)
(555,752)
(555,756)
(555,855)
(555,905)
(555,930)
(555,963)
(555,966)
(555,983)
(556,580)
(556,588)
(556,643)
(556,753)
(556,853)
(556,904)
(556,935)
(556,965)
(556,969)
(557,583)
(557,754)
(557,860)
(557,934)
(557,970)
(558,652)
(558,758)
(558,907)
(558,974)
(558,984)
(559,591)
(559,653)
(559,759)
(559,863)
(559,909)
(559,940)
(559,974)
(559,975)
(559,985)
(560,592)
(560,761)
(560,907)
(560,912)
(560,942)
(561,655)
(561,757)
(561,762)
(561,864)
(561,913)
(561,939)
(561,975)
(561,986)
(562,651)
(562,763)
(562,908)
(562,943)
(562,987)
(563,593)
(563,656)
(563,758)
(563,764)
(563,866)
(563,915)
(563,941)
(563,945)
(563,976)
(563,988)
(564,652)
(564,765)
(564,863)
(564,910)
(564,946)
(564,977)
(564,989)
(565,657)
(565,766)
(565,911)
(565,916)
(565,942)
(565,947)
(566,595)
(566,658)
(566,759)
(566,767)
(566,868)
(566,917)
(566,949)
(566,976)
(566,978)
(566,990)
(567,590)
(567,653)
(567,760)
(567,768)
(567,864)
(567,914)
(567,944)
(567,977)
(567,979)
(567,991)
(568,654)
(568,761)
(568,915)
(568,920)
(568,946)
(568,951)
(569,659)
(569,762)
(569,869)
(569,921)
(569,947)
(569,978)
(569,992)
(570,592)
(570,655)
(570,763)
(570,769)
(570,866)
(570,916)
(570,948)
(570,952)
(570,979)
(570,993)
(571,660)
(571,764)
(571,923)
(571,950)
(571,994)
(572,656)
(572,765)
(572,770)
(572,868)
(572,918)
(572,954)
(572,980)
(572,995)
(573,593)
(573,766)
(573,919)
(573,924)
(573,951)
(574,594)
(574,658)
(574,768)
(574,869)
(574,922)
(574,953)
(574,980)
(574,981)
(574,996)
(575,659)
(575,769)
(575,924)
(575,981)
(575,997)
(576,604)
(576,668)
(576,774)
(576,877)
(576,984)
(576,985)
(577,605)
(577,665)
(577,672)
(577,771)
(577,776)
(577,873)
(577,925)
(577,928)
(577,955)
(577,957)
(577,985)
(577,986)
(577,998)
(578,609)
(578,772)
(578,779)
(578,876)
(578,880)
(578,926)
(578,930)
(578,956)
(578,961)
(578,986)
(578,988)
(578,999)
(579,610)
(579,666)
(579,780)
(579,877)
(579,927)
(579,962)
(579,987)
(579,989)
(579,1000)
(580,601)
(580,612)
(580,773)
(580,781)
(580,884)
(580,928)
(580,958)
(580,964)
(580,1001)
(581,602)
(581,667)
(581,674)
(581,774)
(581,782)
(581,885)
(581,959)
(581,988)
(581,990)
(581,1002)
(582,603)
(582,668)
(582,675)
(582,775)
(582,783)
(582,886)
(582,929)
(582,932)
(582,960)
(582,965)
(582,989)
(582,991)
(582,1003)
(583,614)
(583,671)
(583,678)
(583,776)
(583,784)
(583,879)
(583,931)
(583,934)
(583,963)
(583,968)
(583,990)
(583,992)
(583,1004)
(584,615)
(584,672)
(584,679)
(584,777)
(584,785)
(584,880)
(584,969)
(584,991)
(584,993)
(584,1005)
(585,605)
(585,616)
(585,778)
(585,786)
(585,881)
(585,935)
(585,964)
(585,970)
(585,1006)
(586,607)
(586,680)
(586,779)
(586,888)
(586,936)
(586,966)
(586,992)
(586,994)
(586,1007)
(587,608)
(587,780)
(587,787)
(587,885)
(587,889)
(587,933)
(587,937)
(587,967)
(587,972)
(587,993)
(587,995)
(587,1008)
(588,612)
(588,674)
(588,681)
(588,783)
(588,788)
(588,892)
(588,935)
(588,938)
(588,971)
(588,973)
(588,995)
(588,996)
(588,1009)
(589,613)
(589,678)
(589,785)
(589,888)
(589,996)
(589,997)
(590,791)
(590,895)
(590,944)
(590,1010)
(591,792)
(591,897)
(591,940)
(591,976)
(591,1011)
(592,682)
(592,789)
(592,793)
(592,942)
(592,948)
(592,1012)
(593,685)
(593,790)
(593,794)
(593,945)
(593,951)
(593,1013)
(594,791)
(594,898)
(594,953)
(594,979)
(594,1014)
(595,792)
(595,900)
(595,949)
(595,1015)
(596,620)
(596,690)
(596,903)
(596,998)
(596,999)
(597,691)
(597,904)
(597,999)
(597,1002)
(598,690)
(598,904)
(598,1005)
(598,1008)
(599,622)
(599,691)
(599,905)
(599,1008)
(599,1009)
(600,627)
(600,797)
(600,908)
(600,985)
(600,1016)
(601,631)
(601,795)
(601,802)
(601,912)
(601,955)
(601,958)
(601,1017)
(602,625)
(602,698)
(602,803)
(602,913)
(602,959)
(602,985)
(603,626)
(603,804)
(603,907)
(603,960)
(603,1010)
(603,1018)
(604,632)
(604,699)
(604,796)
(604,805)
(604,914)
(604,988)
(604,1011)
(604,1019)
(605,634)
(605,703)
(605,797)
(605,807)
(605,916)
(605,957)
(605,964)
(605,990)
(605,1011)
(605,1020)
(606,635)
(606,808)
(606,910)
(606,958)
(606,991)
(607,628)
(607,704)
(607,798)
(607,810)
(607,917)
(607,966)
(607,988)
(607,1021)
(608,696)
(608,799)
(608,811)
(608,913)
(608,967)
(608,989)
(608,1012)
(608,1022)
(609,705)
(609,800)
(609,812)
(609,918)
(609,961)
(609,992)
(609,1013)
(609,1023)
(610,637)
(610,697)
(610,801)
(610,813)
(610,914)
(610,962)
(610,993)
(610,1024)
(611,630)
(611,803)
(611,921)
(611,970)
(611,990)
(612,631)
(612,698)
(612,804)
(612,814)
(612,915)
(612,964)
(612,971)
(612,991)
(612,1014)
(612,1025)
(613,633)
(613,702)
(613,806)
(613,815)
(613,917)
(613,993)
(613,1014)
(613,1026)
(614,639)
(614,807)
(614,924)
(614,968)
(614,1015)
(614,1027)
(615,640)
(615,703)
(615,808)
(615,918)
(615,969)
(615,996)
(616,634)
(616,809)
(616,816)
(616,919)
(616,970)
(616,973)
(616,1028)
(617,638)
(617,814)
(617,923)
(617,996)
(617,1029)
(618,647)
(618,714)
(618,817)
(618,822)
(618,926)
(618,1002)
(618,1019)
(618,1020)
(618,1030)
(619,715)
(619,983)
(619,999)
(619,1021)
(620,649)
(620,709)
(620,717)
(620,818)
(620,823)
(620,933)
(620,1004)
(620,1020)
(620,1023)
(620,1031)
(621,641)
(621,650)
(621,819)
(621,824)
(621,1001)
(621,1006)
(621,1032)
(622,642)
(622,710)
(622,718)
(622,820)
(622,825)
(622,930)
(622,1003)
(622,1022)
(622,1025)
(622,1033)
(623,712)
(623,982)
(623,1008)
(623,1024)
(624,644)
(624,713)
(624,821)
(624,826)
(624,937)
(624,1005)
(624,1025)
(624,1026)
(624,1034)
(625,830)
(625,939)
(625,985)
(626,831)
(626,1035)
(627,655)
(627,827)
(627,834)
(627,943)
(627,985)
(627,1011)
(627,1036)
(628,724)
(628,828)
(628,835)
(628,988)
(628,1037)
(629,656)
(629,726)
(629,829)
(629,837)
(629,940)
(629,946)
(629,986)
(629,1038)
(630,830)
(630,947)
(630,990)
(631,652)
(631,657)
(631,727)
(631,831)
(631,839)
(631,941)
(631,948)
(631,991)
(631,1010)
(631,1039)
(632,658)
(632,728)
(632,832)
(632,840)
(632,988)
(632,1013)
(632,1040)
(633,653)
(633,722)
(633,833)
(633,841)
(633,993)
(633,1012)
(633,1041)
(634,654)
(634,659)
(634,723)
(634,834)
(634,842)
(634,945)
(634,952)
(634,990)
(634,1015)
(634,1042)
(635,843)
(635,946)
(635,991)
(636,655)
(636,724)
(636,836)
(636,844)
(636,947)
(636,953)
(636,995)
(636,1043)
(637,726)
(637,838)
(637,845)
(637,993)
(637,1044)
(638,656)
(638,839)
(638,846)
(638,950)
(638,996)
(638,1014)
(638,1045)
(639,842)
(639,1046)
(640,843)
(640,954)
(640,996)
(641,737)
(641,847)
(641,853)
(641,962)
(641,998)
(641,1001)
(641,1017)
(641,1020)
(641,1036)
(641,1038)
(641,1047)
(642,666)
(642,739)
(642,848)
(642,854)
(642,956)
(642,1003)
(642,1018)
(642,1039)
(642,1048)
(643,674)
(643,731)
(643,741)
(643,957)
(643,965)
(643,999)
(643,1023)
(643,1038)
(643,1040)
(644,668)
(644,733)
(644,849)
(644,855)
(644,959)
(644,967)
(644,1005)
(644,1039)
(644,1041)
(644,1049)
(645,669)
(645,676)
(645,850)
(645,856)
(645,1006)
(645,1020)
(645,1050)
(646,670)
(646,677)
(646,851)
(646,857)
(646,1001)
(646,1025)
(646,1051)
(647,678)
(647,742)
(647,852)
(647,858)
(647,961)
(647,969)
(647,1002)
(647,1040)
(647,1042)
(647,1052)
(648,672)
(648,734)
(648,744)
(648,963)
(648,971)
(648,1008)
(648,1022)
(648,1041)
(648,1043)
(649,680)
(649,736)
(649,853)
(649,859)
(649,972)
(649,1004)
(649,1027)
(649,1042)
(649,1053)
(650,738)
(650,854)
(650,860)
(650,966)
(650,1006)
(650,1009)
(650,1025)
(650,1028)
(650,1043)
(650,1045)
(650,1054)
(651,863)
(651,1055)
(652,861)
(652,864)
(652,974)
(652,1010)
(652,1056)
(653,866)
(653,975)
(653,977)
(653,1012)
(653,1057)
(654,862)
(654,867)
(654,1058)
(655,682)
(655,684)
(655,747)
(655,749)
(655,863)
(655,868)
(655,979)
(655,1011)
(655,1059)
(656,683)
(656,685)
(656,748)
(656,750)
(656,864)
(656,869)
(656,976)
(656,1014)
(656,1060)
(657,865)
(657,870)
(657,1061)
(658,866)
(658,978)
(658,980)
(658,1013)
(658,1062)
(659,868)
(659,871)
(659,981)
(659,1015)
(659,1063)
(660,869)
(660,1064)
(661,690)
(661,753)
(661,1030)
(661,1047)
(662,691)
(662,982)
(662,1031)
(662,1047)
(663,690)
(663,983)
(663,1033)
(663,1054)
(664,691)
(664,754)
(664,1034)
(664,1054)
(665,758)
(665,876)
(665,985)
(665,1065)
(666,697)
(666,760)
(666,872)
(666,984)
(666,987)
(666,1016)
(666,1018)
(666,1035)
(666,1036)
(666,1055)
(666,1056)
(666,1066)
(667,762)
(667,873)
(667,879)
(667,988)
(667,1067)
(668,699)
(668,757)
(668,763)
(668,880)
(668,985)
(668,989)
(668,1038)
(668,1056)
(668,1057)
(668,1068)
(669,700)
(669,874)
(669,881)
(669,1020)
(669,1069)
(670,701)
(670,875)
(670,882)
(670,1017)
(670,1039)
(670,1070)
(671,764)
(671,876)
(671,990)
(671,1021)
(671,1037)
(671,1071)
(672,703)
(672,758)
(672,765)
(672,877)
(672,885)
(672,986)
(672,991)
(672,1019)
(672,1022)
(672,1040)
(672,1057)
(672,1059)
(672,1072)
(674,698)
(674,762)
(674,769)
(674,880)
(674,888)
(674,990)
(674,995)
(674,1023)
(674,1026)
(674,1041)
(674,1060)
(674,1062)
(674,1074)
(675,763)
(675,889)
(675,991)
(675,1024)
(675,1044)
(675,1075)
(676,700)
(676,883)
(676,890)
(676,1028)
(676,1042)
(676,1076)
(677,701)
(677,884)
(677,891)
(677,1025)
(677,1077)
(678,702)
(678,764)
(678,770)
(678,885)
(678,992)
(678,996)
(678,1043)
(678,1062)
(678,1063)
(678,1078)
(679,765)
(679,886)
(679,892)
(679,993)
(679,1079)
(680,704)
(680,767)
(680,893)
(680,994)
(680,997)
(680,1027)
(680,1029)
(680,1045)
(680,1046)
(680,1063)
(680,1064)
(680,1080)
(681,769)
(681,889)
(681,996)
(681,1081)
(682,894)
(682,896)
(682,1082)
(683,895)
(683,898)
(683,1083)
(684,897)
(684,900)
(684,1084)
(685,899)
(685,901)
(685,1085)
(686,775)
(686,902)
(686,1066)
(687,712)
(687,771)
(687,777)
(687,903)
(687,1000)
(687,1047)
(687,1066)
(687,1068)
(688,714)
(688,772)
(688,780)
(688,904)
(688,998)
(688,1003)
(688,1068)
(688,1072)
(689,715)
(689,781)
(689,1032)
(689,1047)
(689,1050)
(690,708)
(690,717)
(690,774)
(690,783)
(690,902)
(690,905)
(690,999)
(690,1005)
(690,1030)
(690,1033)
(690,1048)
(690,1052)
(690,1072)
(690,1086)
(691,710)
(691,719)
(691,776)
(691,785)
(691,903)
(691,906)
(691,1002)
(691,1008)
(691,1031)
(691,1034)
(691,1049)
(691,1053)
(691,1074)
(691,1087)
(692,712)
(692,778)
(692,1032)
(692,1051)
(692,1054)
(693,713)
(693,779)
(693,787)
(693,904)
(693,1004)
(693,1009)
(693,1074)
(693,1078)
(694,715)
(694,782)
(694,788)
(694,905)
(694,1007)
(694,1054)
(694,1078)
(694,1080)
(695,784)
(695,906)
(695,1080)
(696,725)
(696,791)
(696,907)
(696,915)
(696,1012)
(696,1039)
(696,1056)
(696,1058)
(696,1082)
(696,1083)
(696,1088)
(697,726)
(697,908)
(697,916)
(697,1036)
(697,1059)
(697,1089)
(698,793)
(698,909)
(698,917)
(698,1041)
(698,1057)
(698,1083)
(698,1090)
(699,728)
(699,910)
(699,918)
(699,1011)
(699,1038)
(699,1060)
(699,1091)
(700,911)
(700,919)
(700,1042)
(700,1058)
(700,1092)
(701,912)
(701,920)
(701,1039)
(701,1061)
(701,1093)
(702,722)
(702,913)
(702,921)
(702,1014)
(702,1043)
(702,1059)
(702,1094)
(703,790)
(703,914)
(703,922)
(703,1040)
(703,1062)
(703,1084)
(703,1095)
(704,724)
(704,915)
(704,923)
(704,1045)
(704,1060)
(704,1096)
(705,725)
(705,792)
(705,916)
(705,924)
(705,1013)
(705,1042)
(705,1061)
(705,1063)
(705,1084)
(705,1085)
(705,1097)
(706,731)
(706,797)
(706,926)
(706,1098)
(707,732)
(707,927)
(707,1066)
(708,729)
(708,804)
(708,930)
(708,1048)
(708,1066)
(708,1088)
(708,1099)
(709,736)
(709,805)
(709,925)
(709,931)
(709,1020)
(709,1071)
(709,1100)
(710,806)
(710,1022)
(710,1049)
(710,1068)
(710,1088)
(710,1090)
(711,740)
(711,807)
(711,926)
(711,1023)
(711,1050)
(711,1069)
(711,1101)
(712,730)
(712,741)
(712,797)
(712,808)
(712,927)
(712,933)
(712,1019)
(712,1024)
(712,1047)
(712,1051)
(712,1070)
(712,1089)
(712,1091)
(712,1102)
(713,733)
(713,798)
(713,811)
(713,928)
(713,934)
(713,1025)
(713,1072)
(713,1090)
(713,1094)
(713,1103)
(714,742)
(714,800)
(714,813)
(714,929)
(714,935)
(714,1020)
(714,1074)
(714,1091)
(714,1095)
(714,1104)
(715,734)
(715,745)
(715,803)
(715,814)
(715,930)
(715,936)
(715,1021)
(715,1026)
(715,1050)
(715,1054)
(715,1076)
(715,1094)
(715,1096)
(715,1105)
(716,735)
(716,804)
(716,937)
(716,1022)
(716,1051)
(716,1077)
(716,1106)
(717,805)
(717,1023)
(717,1052)
(717,1078)
(717,1095)
(717,1097)
(718,739)
(718,806)
(718,932)
(718,938)
(718,1025)
(718,1075)
(718,1107)
(719,746)
(719,807)
(719,933)
(719,1053)
(719,1080)
(719,1097)
(719,1108)
(720,743)
(720,936)
(720,1080)
(721,744)
(721,814)
(721,937)
(721,1109)
(722,939)
(722,947)
(722,1059)
(722,1082)
(722,1111)
(723,940)
(723,949)
(723,1113)
(724,747)
(724,941)
(724,950)
(724,1060)
(724,1083)
(724,1114)
(725,942)
(725,951)
(725,1058)
(725,1061)
(725,1115)
(726,750)
(726,943)
(726,952)
(726,1059)
(726,1084)
(726,1116)
(727,944)
(727,953)
(727,1117)
(728,946)
(728,954)
(728,1060)
(728,1085)
(728,1119)
(729,831)
(729,956)
(729,1066)
(729,1121)
(730,761)
(730,1070)
(730,1088)
(731,762)
(731,834)
(731,961)
(731,1038)
(731,1110)
(731,1122)
(732,763)
(732,827)
(732,962)
(732,1066)
(732,1089)
(732,1123)
(733,757)
(733,828)
(733,836)
(733,955)
(733,963)
(733,1039)
(733,1072)
(733,1111)
(733,1124)
(734,758)
(734,766)
(734,830)
(734,839)
(734,956)
(734,966)
(734,1037)
(734,1041)
(734,1069)
(734,1088)
(734,1092)
(734,1111)
(734,1114)
(734,1126)
(735,831)
(735,967)
(735,1070)
(735,1093)
(735,1112)
(735,1127)
(736,767)
(736,840)
(736,957)
(736,968)
(736,1042)
(736,1071)
(736,1113)
(736,1128)
(737,768)
(737,832)
(737,958)
(737,969)
(737,1038)
(737,1072)
(737,1095)
(737,1116)
(737,1129)
(738,759)
(738,841)
(738,959)
(738,970)
(738,1043)
(738,1074)
(738,1090)
(738,1114)
(738,1130)
(739,760)
(739,833)
(739,960)
(739,971)
(739,1039)
(739,1075)
(739,1117)
(739,1131)
(740,842)
(740,961)
(740,1076)
(740,1092)
(740,1118)
(740,1132)
(741,761)
(741,769)
(741,834)
(741,843)
(741,962)
(741,972)
(741,1040)
(741,1044)
(741,1077)
(741,1093)
(741,1097)
(741,1116)
(741,1119)
(741,1133)
(742,770)
(742,837)
(742,845)
(742,965)
(742,973)
(742,1042)
(742,1074)
(742,1119)
(742,1135)
(743,764)
(743,846)
(743,966)
(743,1080)
(743,1096)
(743,1136)
(744,765)
(744,839)
(744,967)
(744,1043)
(744,1120)
(744,1137)
(745,766)
(745,1076)
(745,1097)
(746,842)
(746,972)
(746,1080)
(746,1138)
(747,974)
(747,976)
(747,1083)
(747,1139)
(748,975)
(748,978)
(748,1140)
(749,977)
(749,980)
(749,1143)
(750,979)
(750,981)
(750,1084)
(750,1144)
(751,780)
(751,847)
(751,982)
(751,1102)
(751,1123)
(752,772)
(752,854)
(752,983)
(752,1049)
(752,1086)
(752,1099)
(752,1124)
(752,1126)
(753,773)
(753,783)
(753,1047)
(753,1104)
(753,1129)
(754,776)
(754,786)
(754,1054)
(754,1103)
(754,1130)
(755,787)
(755,853)
(755,982)
(755,1052)
(755,1087)
(755,1108)
(755,1133)
(755,1135)
(756,779)
(756,860)
(756,983)
(756,1105)
(756,1136)
(757,863)
(757,986)
(757,1056)
(757,1145)
(758,790)
(758,864)
(758,984)
(758,988)
(758,1057)
(758,1088)
(758,1110)
(758,1139)
(758,1146)
(759,792)
(759,866)
(759,985)
(759,990)
(759,1059)
(759,1090)
(759,1113)
(759,1139)
(759,1140)
(759,1147)
(760,991)
(760,1056)
(760,1141)
(760,1148)
(761,793)
(761,862)
(761,1088)
(761,1093)
(761,1115)
(762,868)
(762,986)
(762,992)
(762,1060)
(762,1094)
(762,1111)
(762,1140)
(762,1149)
(763,789)
(763,863)
(763,987)
(763,993)
(763,1057)
(763,1089)
(763,1112)
(763,1116)
(763,1141)
(763,1150)
(764,794)
(764,869)
(764,988)
(764,994)
(764,1062)
(764,1096)
(764,1114)
(764,1118)
(764,1142)
(764,1151)
(765,864)
(765,989)
(765,995)
(765,1059)
(765,1091)
(765,1119)
(765,1143)
(765,1152)
(766,790)
(766,870)
(766,1092)
(766,1097)
(766,1115)
(767,990)
(767,1063)
(767,1142)
(767,1153)
(768,791)
(768,866)
(768,991)
(768,996)
(768,1060)
(768,1095)
(768,1117)
(768,1143)
(768,1144)
(768,1154)
(769,793)
(769,868)
(769,993)
(769,997)
(769,1062)
(769,1097)
(769,1120)
(769,1144)
(769,1155)
(770,869)
(770,995)
(770,1063)
(770,1156)
(771,797)
(771,877)
(771,998)
(771,1066)
(771,1145)
(771,1157)
(772,800)
(772,999)
(772,1065)
(772,1068)
(772,1098)
(772,1099)
(772,1121)
(772,1122)
(772,1145)
(772,1146)
(772,1158)
(773,795)
(773,804)
(773,1001)
(773,1125)
(773,1159)
(774,805)
(774,873)
(774,880)
(774,1002)
(774,1072)
(774,1146)
(774,1147)
(775,1003)
(775,1066)
(775,1148)
(776,807)
(776,876)
(776,885)
(776,998)
(776,1004)
(776,1067)
(776,1100)
(776,1103)
(776,1124)
(776,1128)
(776,1147)
(776,1149)
(776,1160)
(777,808)
(777,877)
(777,886)
(777,1005)
(777,1068)
(777,1129)
(777,1148)
(777,1150)
(778,797)
(778,809)
(778,1006)
(778,1069)
(778,1104)
(778,1125)
(778,1130)
(778,1161)
(779,798)
(779,812)
(779,999)
(779,1007)
(779,1071)
(779,1074)
(779,1101)
(779,1105)
(779,1126)
(779,1132)
(779,1149)
(779,1151)
(779,1162)
(780,799)
(780,813)
(780,1000)
(780,1008)
(780,1072)
(780,1075)
(780,1102)
(780,1106)
(780,1127)
(780,1133)
(780,1150)
(780,1152)
(780,1163)
(781,802)
(781,814)
(781,1001)
(781,1077)
(781,1103)
(781,1129)
(781,1134)
(781,1164)
(782,803)
(782,879)
(782,888)
(782,1002)
(782,1078)
(782,1130)
(782,1151)
(782,1153)
(783,804)
(783,880)
(783,889)
(783,1003)
(783,1009)
(783,1079)
(783,1104)
(783,1107)
(783,1131)
(783,1135)
(783,1152)
(783,1154)
(783,1165)
(784,1004)
(784,1080)
(784,1153)
(785,806)
(785,885)
(785,892)
(785,1005)
(785,1074)
(785,1154)
(785,1155)
(786,807)
(786,816)
(786,1006)
(786,1134)
(786,1166)
(787,811)
(787,1008)
(787,1078)
(787,1081)
(787,1108)
(787,1109)
(787,1137)
(787,1138)
(787,1155)
(787,1156)
(787,1167)
(788,814)
(788,888)
(788,1009)
(788,1080)
(788,1156)
(788,1168)
(789,894)
(789,1012)
(789,1112)
(789,1169)
(790,899)
(790,1013)
(790,1110)
(790,1115)
(790,1170)
(791,1010)
(791,1014)
(791,1083)
(791,1117)
(791,1141)
(791,1171)
(792,1011)
(792,1015)
(792,1084)
(792,1113)
(792,1142)
(792,1172)
(793,896)
(793,1012)
(793,1115)
(793,1120)
(793,1173)
(794,901)
(794,1013)
(794,1118)
(794,1174)
(795,831)
(795,1017)
(795,1175)
(796,832)
(796,910)
(796,1019)
(796,1146)
(797,834)
(797,914)
(797,1016)
(797,1020)
(797,1089)
(797,1125)
(797,1147)
(797,1176)
(798,828)
(798,915)
(798,1021)
(798,1090)
(798,1126)
(798,1146)
(799,907)
(799,1022)
(799,1127)
(799,1169)
(800,837)
(800,916)
(800,1023)
(800,1091)
(800,1122)
(800,1149)
(800,1170)
(801,838)
(801,908)
(801,1024)
(801,1123)
(801,1150)
(802,829)
(802,839)
(802,1017)
(802,1093)
(802,1124)
(802,1129)
(802,1177)
(803,830)
(803,917)
(803,1094)
(803,1130)
(803,1147)
(804,831)
(804,909)
(804,1018)
(804,1025)
(804,1088)
(804,1125)
(804,1131)
(804,1148)
(804,1171)
(804,1178)
(805,840)
(805,918)
(805,1019)
(805,1095)
(805,1151)
(805,1170)
(805,1172)
(806,833)
(806,913)
(806,1026)
(806,1090)
(806,1150)
(806,1171)
(806,1173)
(807,842)
(807,922)
(807,1020)
(807,1027)
(807,1097)
(807,1128)
(807,1134)
(807,1153)
(807,1172)
(807,1179)
(808,843)
(808,914)
(808,1091)
(808,1129)
(808,1154)
(809,834)
(809,844)
(809,1028)
(809,1092)
(809,1130)
(809,1135)
(809,1180)
(810,835)
(810,923)
(810,1021)
(810,1136)
(810,1151)
(811,836)
(811,915)
(811,1022)
(811,1094)
(811,1137)
(811,1152)
(811,1173)
(812,924)
(812,1023)
(812,1132)
(812,1174)
(813,845)
(813,916)
(813,1024)
(813,1095)
(813,1133)
(813,1155)
(814,839)
(814,917)
(814,1025)
(814,1029)
(814,1096)
(814,1134)
(814,1154)
(814,1181)
(815,841)
(815,921)
(815,1026)
(815,1155)
(816,842)
(816,1028)
(816,1182)
(817,852)
(817,929)
(817,1030)
(817,1098)
(817,1176)
(818,853)
(818,925)
(818,1031)
(818,1102)
(818,1160)
(818,1176)
(819,847)
(819,854)
(819,1032)
(819,1159)
(819,1161)
(819,1177)
(820,848)
(820,932)
(820,1033)
(820,1099)
(820,1178)
(821,849)
(821,857)
(821,928)
(821,1034)
(821,1106)
(821,1164)
(821,1178)
(822,850)
(822,858)
(822,935)
(822,1030)
(822,1101)
(822,1161)
(822,1179)
(823,859)
(823,931)
(823,1031)
(823,1108)
(823,1179)
(824,853)
(824,860)
(824,1032)
(824,1164)
(824,1166)
(824,1180)
(825,854)
(825,938)
(825,1033)
(825,1105)
(825,1165)
(825,1181)
(826,855)
(826,934)
(826,1034)
(826,1109)
(826,1181)
(827,863)
(827,1036)
(827,1183)
(828,941)
(828,1037)
(828,1146)
(829,864)
(829,943)
(829,1038)
(829,1145)
(829,1184)
(830,1111)
(830,1147)
(831,861)
(831,865)
(831,944)
(831,1035)
(831,1039)
(831,1112)
(831,1148)
(831,1185)
(832,866)
(832,946)
(832,1040)
(832,1146)
(832,1170)
(833,939)
(833,948)
(833,1041)
(833,1150)
(833,1169)
(834,862)
(834,868)
(834,940)
(834,1036)
(834,1042)
(834,1110)
(834,1116)
(834,1147)
(834,1172)
(834,1186)
(835,950)
(835,1037)
(835,1151)
(836,863)
(836,941)
(836,1043)
(836,1111)
(836,1117)
(836,1152)
(836,1187)
(837,869)
(837,952)
(837,1038)
(837,1113)
(837,1119)
(837,1149)
(837,1188)
(838,943)
(838,1044)
(838,1150)
(839,864)
(839,870)
(839,953)
(839,1039)
(839,1045)
(839,1114)
(839,1120)
(839,1154)
(839,1171)
(839,1189)
(840,945)
(840,954)
(840,1040)
(840,1151)
(840,1174)
(841,866)
(841,947)
(841,1041)
(841,1155)
(841,1173)
(842,867)
(842,871)
(842,949)
(842,1042)
(842,1046)
(842,1118)
(842,1153)
(842,1190)
(843,1119)
(843,1154)
(844,868)
(844,950)
(844,1043)
(844,1156)
(844,1191)
(845,952)
(845,1044)
(845,1155)
(846,869)
(846,1045)
(846,1192)
(847,958)
(847,1047)
(847,1123)
(847,1157)
(847,1159)
(847,1175)
(847,1176)
(847,1183)
(847,1184)
(847,1193)
(848,872)
(848,960)
(848,1048)
(848,1121)
(848,1185)
(849,882)
(849,955)
(849,1049)
(849,1127)
(849,1177)
(849,1185)
(850,874)
(850,883)
(850,964)
(850,1050)
(850,1161)
(850,1176)
(851,875)
(851,884)
(851,1051)
(851,1159)
(851,1178)
(852,885)
(852,965)
(852,1052)
(852,1122)
(852,1129)
(852,1186)
(853,957)
(853,969)
(853,1047)
(853,1053)
(853,1133)
(853,1160)
(853,1164)
(853,1177)
(853,1179)
(853,1186)
(853,1188)
(853,1194)
(854,959)
(854,971)
(854,1048)
(854,1054)
(854,1126)
(854,1161)
(854,1165)
(854,1178)
(854,1180)
(854,1187)
(854,1189)
(854,1195)
(855,880)
(855,963)
(855,1049)
(855,1130)
(855,1137)
(855,1189)
(856,881)
(856,890)
(856,1050)
(856,1166)
(856,1179)
(857,882)
(857,891)
(857,964)
(857,1051)
(857,1164)
(857,1181)
(858,883)
(858,973)
(858,1052)
(858,1132)
(858,1180)
(858,1190)
(859,893)
(859,968)
(859,1053)
(859,1138)
(859,1190)
(860,970)
(860,1054)
(860,1136)
(860,1166)
(860,1168)
(860,1181)
(860,1182)
(860,1191)
(860,1192)
(860,1196)
(861,1056)
(861,1197)
(862,896)
(862,1058)
(862,1198)
(863,894)
(863,897)
(863,974)
(863,977)
(863,1055)
(863,1059)
(863,1141)
(863,1199)
(864,895)
(864,899)
(864,975)
(864,979)
(864,1056)
(864,1060)
(864,1139)
(864,1171)
(864,1200)
(865,1061)
(865,1201)
(866,1057)
(866,1062)
(866,1140)
(866,1143)
(866,1170)
(866,1173)
(866,1202)
(867,1058)
(867,1203)
(868,896)
(868,900)
(868,976)
(868,980)
(868,1059)
(868,1063)
(868,1144)
(868,1172)
(868,1204)
(869,898)
(869,901)
(869,978)
(869,981)
(869,1060)
(869,1064)
(869,1142)
(869,1205)
(870,899)
(870,1061)
(870,1206)
(871,1063)
(871,1207)
(872,908)
(872,1066)
(872,1183)
(872,1197)
(873,986)
(873,1067)
(873,1146)
(874,911)
(874,1069)
(874,1176)
(875,912)
(875,1070)
(875,1175)
(875,1185)
(876,988)
(876,1065)
(876,1071)
(876,1147)
(876,1208)
(877,914)
(877,984)
(877,989)
(877,1072)
(877,1145)
(877,1148)
(877,1199)
(879,992)
(879,1067)
(879,1151)
(880,909)
(880,918)
(880,986)
(880,993)
(880,1068)
(880,1074)
(880,1147)
(880,1152)
(880,1188)
(880,1200)
(880,1202)
(880,1210)
(881,919)
(881,1069)
(881,1179)
(882,910)
(882,920)
(882,1070)
(882,1177)
(882,1189)
(882,1201)
(883,911)
(883,921)
(883,1076)
(883,1180)
(883,1186)
(883,1203)
(884,912)
(884,1077)
(884,1178)
(885,913)
(885,922)
(885,988)
(885,995)
(885,1072)
(885,1078)
(885,1149)
(885,1154)
(885,1187)
(885,1202)
(885,1204)
(885,1211)
(886,989)
(886,1079)
(886,1150)
(888,917)
(888,992)
(888,997)
(888,1074)
(888,1153)
(888,1156)
(888,1205)
(889,993)
(889,1075)
(889,1081)
(889,1154)
(889,1213)
(890,919)
(890,1076)
(890,1182)
(890,1190)
(891,920)
(891,1077)
(891,1181)
(892,995)
(892,1079)
(892,1155)
(893,923)
(893,1080)
(893,1192)
(893,1207)
(894,1082)
(894,1214)
(895,1083)
(895,1215)
(896,1082)
(896,1216)
(897,1084)
(897,1217)
(898,1083)
(898,1218)
(899,1085)
(899,1219)
(900,1084)
(900,1220)
(901,1085)
(901,1221)
(902,1003)
(902,1086)
(902,1158)
(902,1209)
(903,933)
(903,998)
(903,1005)
(903,1087)
(903,1163)
(903,1194)
(903,1209)
(903,1210)
(904,928)
(904,935)
(904,999)
(904,1008)
(904,1160)
(904,1165)
(904,1210)
(904,1211)
(905,930)
(905,1002)
(905,1009)
(905,1086)
(905,1162)
(905,1195)
(905,1211)
(905,1212)
(906,1004)
(906,1087)
(906,1167)
(906,1212)
(907,942)
(907,1010)
(907,1088)
(907,1169)
(907,1185)
(907,1197)
(907,1198)
(907,1214)
(907,1215)
(907,1222)
(908,943)
(908,1089)
(908,1183)
(908,1199)
(909,1012)
(909,1090)
(909,1215)
(909,1223)
(910,946)
(910,1091)
(910,1184)
(910,1200)
(911,947)
(911,1092)
(911,1186)
(911,1198)
(912,948)
(912,1093)
(912,1185)
(912,1201)
(913,939)
(913,1094)
(913,1171)
(913,1187)
(913,1199)
(913,1216)
(914,1095)
(914,1202)
(914,1217)
(914,1224)
(915,941)
(915,951)
(915,1014)
(915,1088)
(915,1096)
(915,1173)
(915,1189)
(915,1200)
(915,1203)
(915,1216)
(915,1218)
(915,1225)
(916,942)
(916,952)
(916,1011)
(916,1089)
(916,1097)
(916,1170)
(916,1186)
(916,1201)
(916,1204)
(916,1217)
(916,1219)
(916,1226)
(917,1090)
(917,1202)
(917,1218)
(917,1227)
(918,954)
(918,1091)
(918,1172)
(918,1188)
(918,1205)
(918,1219)
(919,945)
(919,1092)
(919,1190)
(919,1203)
(920,946)
(920,1093)
(920,1189)
(920,1206)
(921,947)
(921,1094)
(921,1191)
(921,1204)
(922,1013)
(922,1095)
(922,1220)
(922,1228)
(923,950)
(923,1096)
(923,1192)
(923,1205)
(924,951)
(924,1015)
(924,1097)
(924,1174)
(924,1190)
(924,1206)
(924,1207)
(924,1220)
(924,1221)
(924,1229)
(925,957)
(925,1019)
(925,1100)
(925,1176)
(925,1208)
(926,961)
(926,1020)
(926,1098)
(926,1101)
(926,1230)
(927,962)
(927,1016)
(927,1102)
(927,1193)
(927,1209)
(928,955)
(928,964)
(928,1022)
(928,1103)
(928,1178)
(928,1223)
(929,965)
(929,1024)
(929,1104)
(929,1176)
(929,1210)
(929,1224)
(930,956)
(930,1025)
(930,1099)
(930,1105)
(930,1195)
(930,1209)
(930,1225)
(930,1231)
(931,968)
(931,1100)
(931,1179)
(932,960)
(932,1107)
(932,1178)
(933,972)
(933,1020)
(933,1102)
(933,1108)
(933,1194)
(933,1212)
(933,1226)
(933,1232)
(934,963)
(934,1021)
(934,1103)
(934,1181)
(934,1211)
(934,1227)
(935,964)
(935,973)
(935,1023)
(935,1104)
(935,1179)
(935,1228)
(936,966)
(936,1029)
(936,1105)
(936,1196)
(936,1212)
(937,967)
(937,1025)
(937,1106)
(937,1109)
(937,1233)
(938,971)
(938,1026)
(938,1107)
(938,1181)
(938,1213)
(939,1111)
(939,1199)
(939,1214)
(940,976)
(940,1113)
(940,1234)
(941,974)
(941,1114)
(941,1200)
(941,1215)
(942,1115)
(942,1198)
(942,1201)
(942,1216)
(943,979)
(943,1116)
(943,1199)
(943,1217)
(944,1117)
(944,1235)
(945,1110)
(945,1118)
(945,1203)
(945,1236)
(946,1119)
(946,1200)
(946,1219)
(947,1111)
(947,1204)
(947,1216)
(948,1112)
(948,1120)
(948,1201)
(948,1237)
(949,1113)
(949,1238)
(950,976)
(950,1114)
(950,1205)
(950,1218)
(951,1115)
(951,1203)
(951,1206)
(951,1219)
(952,981)
(952,1116)
(952,1204)
(952,1220)
(953,979)
(953,1117)
(953,1239)
(954,1119)
(954,1205)
(954,1221)
(955,1124)
(955,1185)
(956,984)
(956,1039)
(956,1121)
(956,1126)
(956,1209)
(956,1222)
(956,1240)
(957,990)
(957,1040)
(957,1128)
(957,1186)
(957,1208)
(957,1234)
(958,991)
(958,1129)
(958,1184)
(958,1224)
(959,985)
(959,1041)
(959,1130)
(959,1187)
(959,1210)
(959,1223)
(960,1131)
(960,1185)
(960,1235)
(961,992)
(961,1042)
(961,1122)
(961,1132)
(961,1188)
(961,1236)
(961,1241)
(962,993)
(962,1036)
(962,1123)
(962,1133)
(962,1209)
(962,1226)
(962,1242)
(963,986)
(963,1037)
(963,1043)
(963,1124)
(963,1189)
(963,1211)
(964,1125)
(964,1134)
(964,1224)
(964,1227)
(964,1243)
(965,995)
(965,1038)
(965,1044)
(965,1135)
(965,1186)
(965,1210)
(966,988)
(966,1045)
(966,1126)
(966,1136)
(966,1212)
(966,1225)
(966,1244)
(967,989)
(967,1039)
(967,1127)
(967,1137)
(967,1187)
(967,1237)
(967,1245)
(968,1128)
(968,1190)
(968,1238)
(969,996)
(969,1040)
(969,1129)
(969,1188)
(969,1211)
(969,1228)
(970,990)
(970,1130)
(970,1191)
(970,1227)
(971,991)
(971,1041)
(971,1131)
(971,1189)
(971,1213)
(971,1239)
(972,997)
(972,1042)
(972,1133)
(972,1138)
(972,1212)
(972,1229)
(972,1246)
(973,1135)
(973,1190)
(974,1139)
(974,1215)
(974,1247)
(975,1140)
(975,1248)
(976,1139)
(976,1142)
(976,1218)
(976,1249)
(977,1143)
(977,1250)
(978,1140)
(978,1251)
(979,1141)
(979,1144)
(979,1217)
(979,1252)
(980,1143)
(980,1253)
(981,1144)
(981,1220)
(981,1254)
(982,1008)
(982,1047)
(982,1232)
(982,1242)
(983,999)
(983,1054)
(983,1231)
(983,1244)
(984,1056)
(984,1146)
(984,1222)
(984,1247)
(985,1011)
(985,1057)
(985,1147)
(985,1199)
(985,1223)
(985,1234)
(985,1247)
(985,1248)
(985,1255)
(986,1059)
(986,1145)
(986,1149)
(986,1200)
(986,1248)
(986,1256)
(987,1055)
(987,1150)
(987,1257)
(988,1013)
(988,1060)
(988,1146)
(988,1151)
(988,1202)
(988,1225)
(988,1236)
(988,1249)
(988,1258)
(989,1056)
(989,1152)
(989,1199)
(989,1250)
(990,1015)
(990,1062)
(990,1147)
(990,1153)
(990,1204)
(990,1227)
(990,1238)
(990,1249)
(990,1251)
(990,1259)
(991,1010)
(991,1057)
(991,1148)
(991,1154)
(991,1200)
(991,1224)
(991,1235)
(991,1250)
(991,1252)
(991,1260)
(992,1063)
(992,1149)
(992,1205)
(992,1251)
(993,1012)
(993,1059)
(993,1150)
(993,1155)
(993,1202)
(993,1226)
(993,1237)
(993,1252)
(993,1261)
(994,1064)
(994,1151)
(994,1262)
(995,1060)
(995,1152)
(995,1156)
(995,1204)
(995,1253)
(995,1263)
(996,1014)
(996,1062)
(996,1154)
(996,1205)
(996,1228)
(996,1239)
(996,1253)
(996,1254)
(996,1264)
(997,1063)
(997,1155)
(997,1229)
(997,1254)
(998,1020)
(998,1065)
(998,1072)
(998,1157)
(998,1160)
(998,1209)
(998,1255)
(998,1256)
(998,1265)
(999,1023)
(999,1158)
(999,1162)
(999,1208)
(999,1210)
(999,1230)
(999,1231)
(999,1240)
(999,1241)
(999,1256)
(999,1258)
(999,1266)
(1000,1024)
(1000,1066)
(1000,1163)
(1000,1242)
(1000,1257)
(1001,1017)
(1001,1025)
(1001,1159)
(1001,1164)
(1001,1243)
(1001,1267)
(1002,1067)
(1002,1074)
(1002,1211)
(1002,1258)
(1002,1259)
(1003,1018)
(1003,1068)
(1003,1075)
(1003,1165)
(1003,1209)
(1003,1260)
(1004,1027)
(1004,1071)
(1004,1078)
(1004,1160)
(1004,1212)
(1004,1259)
(1005,1072)
(1005,1079)
(1005,1210)
(1005,1260)
(1005,1261)
(1006,1020)
(1006,1028)
(1006,1161)
(1006,1166)
(1006,1243)
(1006,1268)
(1007,1021)
(1007,1080)
(1007,1162)
(1007,1244)
(1007,1262)
(1008,1022)
(1008,1163)
(1008,1167)
(1008,1211)
(1008,1213)
(1008,1232)
(1008,1233)
(1008,1245)
(1008,1246)
(1008,1261)
(1008,1263)
(1008,1269)
(1009,1025)
(1009,1074)
(1009,1081)
(1009,1165)
(1009,1168)
(1009,1212)
(1009,1263)
(1009,1264)
(1009,1270)
(1010,1171)
(1010,1215)
(1010,1235)
(1011,1172)
(1011,1217)
(1011,1234)
(1011,1249)
(1012,1082)
(1012,1169)
(1012,1173)
(1012,1237)
(1012,1271)
(1013,1085)
(1013,1170)
(1013,1174)
(1013,1236)
(1013,1272)
(1014,1171)
(1014,1218)
(1014,1239)
(1014,1252)
(1015,1172)
(1015,1220)
(1015,1238)
(1016,1036)
(1016,1176)
(1016,1255)
(1017,1039)
(1017,1175)
(1017,1177)
(1017,1273)
(1018,1035)
(1018,1178)
(1018,1222)
(1018,1274)
(1019,1040)
(1019,1091)
(1019,1224)
(1019,1258)
(1020,1042)
(1020,1095)
(1020,1176)
(1020,1179)
(1020,1226)
(1020,1243)
(1020,1259)
(1020,1275)
(1021,1037)
(1021,1096)
(1021,1227)
(1021,1244)
(1021,1258)
(1022,1088)
(1022,1245)
(1022,1271)
(1023,1097)
(1023,1241)
(1023,1272)
(1024,1044)
(1024,1089)
(1024,1224)
(1024,1242)
(1024,1261)
(1025,1039)
(1025,1090)
(1025,1178)
(1025,1181)
(1025,1225)
(1025,1243)
(1025,1260)
(1025,1276)
(1026,1041)
(1026,1094)
(1026,1227)
(1026,1261)
(1027,1046)
(1027,1179)
(1027,1229)
(1027,1277)
(1028,1042)
(1028,1180)
(1028,1182)
(1028,1278)
(1029,1045)
(1029,1181)
(1029,1264)
(1030,1052)
(1030,1104)
(1030,1230)
(1030,1275)
(1031,1053)
(1031,1100)
(1031,1232)
(1031,1275)
(1032,1047)
(1032,1054)
(1032,1267)
(1032,1268)
(1033,1048)
(1033,1107)
(1033,1231)
(1033,1276)
(1034,1049)
(1034,1103)
(1034,1233)
(1034,1276)
(1035,1185)
(1036,1059)
(1036,1183)
(1036,1186)
(1036,1255)
(1036,1279)
(1037,1114)
(1037,1258)
(1038,1060)
(1038,1116)
(1038,1184)
(1038,1188)
(1038,1234)
(1038,1256)
(1038,1280)
(1039,1056)
(1039,1061)
(1039,1117)
(1039,1185)
(1039,1189)
(1039,1237)
(1039,1260)
(1039,1281)
(1040,1062)
(1040,1110)
(1040,1119)
(1040,1258)
(1040,1272)
(1041,1057)
(1041,1111)
(1041,1120)
(1041,1261)
(1041,1271)
(1042,1058)
(1042,1063)
(1042,1113)
(1042,1186)
(1042,1190)
(1042,1236)
(1042,1259)
(1042,1282)
(1043,1059)
(1043,1114)
(1043,1187)
(1043,1191)
(1043,1239)
(1043,1263)
(1043,1283)
(1044,1116)
(1044,1261)
(1045,1060)
(1045,1189)
(1045,1192)
(1045,1264)
(1045,1284)
(1046,1190)
(1047,1129)
(1047,1193)
(1047,1194)
(1047,1242)
(1047,1265)
(1047,1267)
(1047,1273)
(1047,1275)
(1047,1279)
(1047,1280)
(1047,1285)
(1048,1066)
(1048,1131)
(1048,1195)
(1048,1240)
(1048,1274)
(1048,1281)
(1049,1068)
(1049,1124)
(1049,1245)
(1049,1281)
(1050,1069)
(1050,1076)
(1050,1134)
(1050,1268)
(1050,1275)
(1051,1070)
(1051,1077)
(1051,1125)
(1051,1267)
(1051,1276)
(1052,1078)
(1052,1135)
(1052,1241)
(1052,1282)
(1053,1080)
(1053,1128)
(1053,1194)
(1053,1246)
(1053,1277)
(1053,1282)
(1054,1130)
(1054,1195)
(1054,1196)
(1054,1244)
(1054,1268)
(1054,1270)
(1054,1276)
(1054,1278)
(1054,1283)
(1054,1284)
(1054,1286)
(1055,1199)
(1056,1141)
(1056,1197)
(1056,1200)
(1056,1247)
(1056,1287)
(1057,1202)
(1057,1248)
(1057,1250)
(1057,1271)
(1057,1288)
(1058,1198)
(1058,1203)
(1058,1289)
(1059,1082)
(1059,1084)
(1059,1139)
(1059,1143)
(1059,1199)
(1059,1204)
(1059,1252)
(1059,1290)
(1060,1083)
(1060,1085)
(1060,1140)
(1060,1144)
(1060,1200)
(1060,1205)
(1060,1249)
(1060,1291)
(1061,1201)
(1061,1206)
(1061,1292)
(1062,1202)
(1062,1251)
(1062,1253)
(1062,1272)
(1062,1293)
(1063,1142)
(1063,1204)
(1063,1207)
(1063,1254)
(1063,1294)
(1064,1205)
(1065,1146)
(1065,1208)
(1065,1255)
(1066,1089)
(1066,1148)
(1066,1209)
(1066,1257)
(1066,1274)
(1066,1279)
(1066,1287)
(1066,1295)
(1067,1149)
(1067,1258)
(1068,1091)
(1068,1145)
(1068,1150)
(1068,1210)
(1068,1255)
(1068,1280)
(1068,1287)
(1068,1288)
(1069,1092)
(1069,1275)
(1070,1093)
(1070,1273)
(1070,1281)
(1071,1151)
(1071,1208)
(1071,1259)
(1072,1095)
(1072,1146)
(1072,1152)
(1072,1211)
(1072,1256)
(1072,1260)
(1072,1288)
(1072,1290)
(1074,1090)
(1074,1149)
(1074,1155)
(1074,1210)
(1074,1259)
(1074,1263)
(1074,1291)
(1074,1293)
(1075,1150)
(1075,1213)
(1075,1260)
(1076,1092)
(1076,1278)
(1076,1282)
(1077,1093)
(1077,1276)
(1078,1094)
(1078,1151)
(1078,1156)
(1078,1211)
(1078,1264)
(1078,1283)
(1078,1293)
(1078,1294)
(1079,1152)
(1079,1261)
(1080,1096)
(1080,1153)
(1080,1212)
(1080,1262)
(1080,1277)
(1080,1284)
(1080,1294)
(1080,1297)
(1081,1155)
(1081,1213)
(1081,1264)
(1082,1214)
(1082,1216)
(1082,1298)
(1083,1215)
(1083,1218)
(1083,1299)
(1084,1217)
(1084,1220)
(1084,1300)
(1085,1219)
(1085,1221)
(1085,1301)
(1086,1099)
(1086,1165)
(1086,1266)
(1086,1296)
(1087,1108)
(1087,1160)
(1087,1269)
(1087,1296)
(1088,1115)
(1088,1171)
(1088,1222)
(1088,1225)
(1088,1271)
(1088,1281)
(1088,1287)
(1088,1289)
(1088,1298)
(1088,1299)
(1088,1302)
(1089,1116)
(1089,1226)
(1089,1279)
(1089,1290)
(1089,1303)
(1090,1173)
(1090,1223)
(1090,1227)
(1090,1288)
(1090,1299)
(1090,1304)
(1091,1119)
(1091,1280)
(1091,1291)
(1092,1110)
(1092,1282)
(1092,1289)
(1093,1120)
(1093,1281)
(1093,1292)
(1094,1111)
(1094,1283)
(1094,1290)
(1095,1170)
(1095,1224)
(1095,1228)
(1095,1293)
(1095,1300)
(1095,1305)
(1096,1114)
(1096,1225)
(1096,1284)
(1096,1291)
(1096,1306)
(1097,1115)
(1097,1172)
(1097,1226)
(1097,1229)
(1097,1272)
(1097,1282)
(1097,1292)
(1097,1294)
(1097,1300)
(1097,1301)
(1097,1307)
(1098,1122)
(1098,1176)
(1098,1230)
(1099,1121)
(1099,1178)
(1099,1231)
(1099,1295)
(1099,1302)
(1100,1128)
(1100,1275)
(1101,1132)
(1101,1179)
(1101,1230)
(1102,1133)
(1102,1176)
(1102,1232)
(1102,1285)
(1102,1296)
(1102,1303)
(1103,1124)
(1103,1134)
(1103,1276)
(1103,1304)
(1104,1125)
(1104,1135)
(1104,1275)
(1104,1305)
(1105,1126)
(1105,1181)
(1105,1231)
(1105,1286)
(1105,1296)
(1105,1306)
(1106,1127)
(1106,1178)
(1106,1233)
(1107,1131)
(1107,1276)
(1108,1138)
(1108,1179)
(1108,1232)
(1108,1297)
(1108,1307)
(1109,1137)
(1109,1181)
(1109,1233)
(1110,1236)
(1110,1289)
(1110,1308)
(1111,1290)
(1111,1298)
(1112,1237)
(1112,1309)
(1113,1142)
(1113,1234)
(1113,1238)
(1113,1310)
(1114,1139)
(1114,1291)
(1114,1299)
(1115,1289)
(1115,1292)
(1116,1144)
(1116,1290)
(1116,1300)
(1117,1141)
(1117,1235)
(1117,1239)
(1117,1311)
(1118,1236)
(1118,1312)
(1119,1291)
(1119,1301)
(1120,1237)
(1120,1292)
(1120,1313)
(1121,1185)
(1121,1240)
(1121,1295)
(1122,1149)
(1122,1186)
(1122,1241)
(1122,1280)
(1122,1308)
(1123,1150)
(1123,1183)
(1123,1242)
(1123,1295)
(1123,1303)
(1124,1145)
(1124,1187)
(1124,1281)
(1125,1243)
(1125,1304)
(1125,1314)
(1126,1146)
(1126,1189)
(1126,1240)
(1126,1244)
(1126,1296)
(1126,1302)
(1127,1185)
(1127,1245)
(1127,1309)
(1128,1153)
(1128,1282)
(1128,1310)
(1129,1154)
(1129,1280)
(1129,1305)
(1130,1147)
(1130,1283)
(1130,1304)
(1131,1148)
(1131,1281)
(1131,1311)
(1132,1190)
(1132,1241)
(1132,1312)
(1133,1155)
(1133,1186)
(1133,1242)
(1133,1246)
(1133,1296)
(1133,1307)
(1134,1243)
(1134,1305)
(1134,1315)
(1135,1156)
(1135,1188)
(1135,1282)
(1136,1151)
(1136,1192)
(1136,1244)
(1136,1297)
(1136,1306)
(1137,1152)
(1137,1189)
(1137,1245)
(1137,1283)
(1137,1313)
(1138,1190)
(1138,1246)
(1138,1297)
(1139,1247)
(1139,1249)
(1139,1299)
(1139,1316)
(1140,1248)
(1140,1251)
(1140,1317)
(1141,1252)
(1141,1318)
(1142,1249)
(1142,1319)
(1143,1250)
(1143,1253)
(1143,1320)
(1144,1252)
(1144,1254)
(1144,1300)
(1144,1321)
(1145,1199)
(1145,1256)
(1145,1287)
(1146,1170)
(1146,1200)
(1146,1258)
(1146,1288)
(1146,1302)
(1146,1308)
(1146,1316)
(1147,1172)
(1147,1202)
(1147,1255)
(1147,1259)
(1147,1290)
(1147,1304)
(1147,1310)
(1147,1316)
(1147,1317)
(1147,1322)
(1148,1260)
(1148,1287)
(1148,1318)
(1148,1323)
(1149,1204)
(1149,1256)
(1149,1291)
(1149,1317)
(1150,1169)
(1150,1199)
(1150,1257)
(1150,1261)
(1150,1288)
(1150,1303)
(1150,1309)
(1150,1318)
(1150,1324)
(1151,1174)
(1151,1205)
(1151,1258)
(1151,1262)
(1151,1293)
(1151,1306)
(1151,1312)
(1151,1319)
(1151,1325)
(1152,1200)
(1152,1263)
(1152,1290)
(1152,1320)
(1153,1259)
(1153,1294)
(1153,1319)
(1153,1326)
(1154,1171)
(1154,1202)
(1154,1260)
(1154,1264)
(1154,1291)
(1154,1305)
(1154,1311)
(1154,1320)
(1154,1321)
(1154,1327)
(1155,1173)
(1155,1204)
(1155,1261)
(1155,1293)
(1155,1307)
(1155,1313)
(1155,1321)
(1156,1205)
(1156,1263)
(1156,1294)
(1157,1176)
(1157,1265)
(1157,1295)
(1158,1209)
(1158,1266)
(1159,1175)
(1159,1178)
(1159,1267)
(1159,1314)
(1160,1179)
(1160,1208)
(1160,1211)
(1160,1265)
(1160,1296)
(1160,1322)
(1161,1176)
(1161,1180)
(1161,1268)
(1161,1314)
(1162,1212)
(1162,1266)
(1162,1325)
(1163,1209)
(1163,1269)
(1163,1324)
(1164,1177)
(1164,1181)
(1164,1267)
(1164,1315)
(1165,1178)
(1165,1210)
(1165,1213)
(1165,1270)
(1165,1296)
(1165,1327)
(1166,1179)
(1166,1182)
(1166,1268)
(1166,1315)
(1167,1212)
(1167,1269)
(1168,1181)
(1168,1270)
(1168,1297)
(1169,1214)
(1169,1271)
(1169,1309)
(1170,1219)
(1170,1272)
(1170,1308)
(1171,1299)
(1171,1311)
(1171,1318)
(1172,1300)
(1172,1310)
(1172,1319)
(1173,1216)
(1173,1271)
(1173,1313)
(1174,1221)
(1174,1272)
(1174,1312)
(1175,1185)
(1175,1273)
(1176,1186)
(1176,1224)
(1176,1275)
(1176,1303)
(1176,1314)
(1176,1322)
(1177,1184)
(1177,1189)
(1177,1273)
(1178,1185)
(1178,1223)
(1178,1274)
(1178,1276)
(1178,1302)
(1178,1314)
(1178,1323)
(1178,1328)
(1179,1190)
(1179,1228)
(1179,1275)
(1179,1277)
(1179,1307)
(1179,1315)
(1179,1326)
(1179,1329)
(1180,1186)
(1180,1191)
(1180,1278)
(1181,1189)
(1181,1227)
(1181,1276)
(1181,1306)
(1181,1315)
(1181,1327)
(1182,1190)
(1182,1278)
(1183,1199)
(1183,1279)
(1184,1200)
(1184,1280)
(1185,1197)
(1185,1201)
(1185,1235)
(1185,1281)
(1185,1309)
(1185,1323)
(1186,1198)
(1186,1204)
(1186,1234)
(1186,1279)
(1186,1282)
(1186,1308)
(1186,1322)
(1186,1330)
(1187,1199)
(1187,1283)
(1187,1311)
(1188,1205)
(1188,1280)
(1188,1310)
(1189,1200)
(1189,1206)
(1189,1239)
(1189,1281)
(1189,1284)
(1189,1313)
(1189,1327)
(1189,1331)
(1190,1203)
(1190,1207)
(1190,1238)
(1190,1282)
(1190,1312)
(1190,1326)
(1191,1204)
(1191,1283)
(1192,1205)
(1192,1284)
(1193,1209)
(1193,1285)
(1194,1212)
(1194,1285)
(1194,1329)
(1194,1330)
(1195,1209)
(1195,1286)
(1195,1328)
(1195,1331)
(1196,1212)
(1196,1286)
(1197,1287)
(1198,1216)
(1198,1289)
(1199,1214)
(1199,1217)
(1199,1247)
(1199,1250)
(1199,1290)
(1199,1318)
(1200,1215)
(1200,1219)
(1200,1248)
(1200,1252)
(1200,1287)
(1200,1291)
(1200,1316)
(1200,1332)
(1201,1292)
(1202,1288)
(1202,1293)
(1202,1317)
(1202,1320)
(1202,1333)
(1203,1289)
(1204,1216)
(1204,1220)
(1204,1249)
(1204,1253)
(1204,1290)
(1204,1294)
(1204,1321)
(1204,1334)
(1205,1218)
(1205,1221)
(1205,1251)
(1205,1254)
(1205,1291)
(1205,1319)
(1206,1219)
(1206,1292)
(1207,1294)
(1208,1258)
(1208,1322)
(1209,1222)
(1209,1226)
(1209,1255)
(1209,1260)
(1209,1295)
(1209,1296)
(1209,1324)
(1209,1328)
(1209,1330)
(1209,1332)
(1209,1335)
(1210,1223)
(1210,1256)
(1210,1261)
(1210,1322)
(1210,1332)
(1210,1333)
(1211,1228)
(1211,1258)
(1211,1263)
(1211,1327)
(1211,1333)
(1211,1334)
(1212,1225)
(1212,1229)
(1212,1259)
(1212,1264)
(1212,1296)
(1212,1297)
(1212,1325)
(1212,1329)
(1212,1331)
(1212,1334)
(1212,1336)
(1213,1261)
(1213,1327)
(1214,1298)
(1215,1299)
(1216,1298)
(1217,1300)
(1218,1299)
(1219,1301)
(1220,1300)
(1221,1301)
(1222,1302)
(1223,1271)
(1223,1304)
(1224,1305)
(1224,1333)
(1225,1302)
(1225,1306)
(1225,1331)
(1225,1332)
(1225,1337)
(1226,1303)
(1226,1307)
(1226,1330)
(1226,1334)
(1226,1338)
(1227,1304)
(1227,1333)
(1228,1272)
(1228,1305)
(1229,1307)
(1230,1241)
(1230,1275)
(1231,1240)
(1231,1276)
(1231,1335)
(1231,1337)
(1232,1246)
(1232,1275)
(1232,1336)
(1232,1338)
(1233,1245)
(1233,1276)
(1234,1249)
(1234,1310)
(1235,1311)
(1236,1308)
(1236,1312)
(1236,1339)
(1237,1309)
(1237,1313)
(1237,1340)
(1238,1310)
(1239,1252)
(1239,1311)
(1240,1281)
(1240,1335)
(1241,1282)
(1241,1339)
(1242,1261)
(1242,1279)
(1242,1335)
(1242,1338)
(1243,1314)
(1243,1315)
(1243,1341)
(1244,1258)
(1244,1284)
(1244,1336)
(1244,1337)
(1245,1281)
(1245,1340)
(1246,1282)
(1246,1336)
(1247,1316)
(1248,1317)
(1249,1316)
(1249,1319)
(1249,1342)
(1250,1320)
(1251,1317)
(1252,1318)
(1252,1321)
(1252,1343)
(1253,1320)
(1254,1321)
(1255,1288)
(1255,1322)
(1256,1290)
(1256,1332)
(1257,1324)
(1258,1272)
(1258,1291)
(1258,1325)
(1258,1333)
(1258,1337)
(1258,1339)
(1258,1342)
(1259,1293)
(1259,1322)
(1259,1326)
(1259,1334)
(1259,1342)
(1259,1344)
(1260,1288)
(1260,1323)
(1260,1327)
(1260,1332)
(1260,1343)
(1260,1345)
(1261,1271)
(1261,1290)
(1261,1324)
(1261,1333)
(1261,1338)
(1261,1340)
(1261,1343)
(1262,1325)
(1263,1291)
(1263,1334)
(1264,1293)
(1264,1327)
(1265,1275)
(1265,1335)
(1266,1296)
(1267,1273)
(1267,1276)
(1267,1341)
(1268,1275)
(1268,1278)
(1268,1341)
(1269,1296)
(1270,1276)
(1270,1336)
(1271,1298)
(1271,1340)
(1272,1301)
(1272,1339)
(1273,1281)
(1274,1328)
(1275,1282)
(1275,1305)
(1275,1329)
(1275,1338)
(1275,1341)
(1275,1344)
(1276,1281)
(1276,1304)
(1276,1328)
(1276,1337)
(1276,1341)
(1276,1345)
(1277,1329)
(1278,1282)
(1279,1290)
(1279,1330)
(1280,1291)
(1281,1287)
(1281,1292)
(1281,1311)
(1281,1331)
(1281,1340)
(1281,1345)
(1282,1289)
(1282,1294)
(1282,1310)
(1282,1330)
(1282,1339)
(1282,1344)
(1283,1290)
(1284,1291)
(1284,1331)
(1285,1296)
(1286,1296)
(1287,1318)
(1287,1332)
(1288,1333)
(1290,1298)
(1290,1300)
(1290,1316)
(1290,1320)
(1290,1334)
(1290,1343)
(1291,1299)
(1291,1301)
(1291,1317)
(1291,1321)
(1291,1332)
(1291,1342)
(1293,1333)
(1294,1319)
(1294,1334)
(1295,1303)
(1295,1323)
(1295,1335)
(1296,1302)
(1296,1307)
(1296,1322)
(1296,1327)
(1296,1335)
(1296,1336)
(1297,1306)
(1297,1326)
(1297,1336)
(1302,1337)
(1303,1338)
(1306,1337)
(1307,1338)
(1308,1339)
(1309,1340)
(1310,1319)
(1311,1318)
(1312,1339)
(1313,1340)
(1314,1341)
(1315,1341)
(1316,1342)
(1318,1343)
(1319,1342)
(1321,1343)
(1322,1333)
(1322,1344)
(1323,1345)
(1326,1344)
(1327,1333)
(1327,1345)
(1330,1334)
(1331,1332)
(1332,1343)
(1334,1342)
(1335,1338)
(1335,1345)
(1336,1337)
(1336,1344)
